0 0.2171875 0.07421875 0.2421875 0.125
0 0.21328125 0.19609375 0.2359375 0.0921875
0 0.21640625 0.31015625 0.24375 0.096875
0 0.21328125 0.4359375 0.2390625 0.096875
0 0.2140625 0.55234375 0.2421875 0.0828125
0 0.2140625 0.68671875 0.2484375 0.0984375
0 0.209375 0.81875 0.25 0.090625
0 0.209375 0.95390625 0.2578125 0.075
0 0.39375 0.1171875 0.103125 0.1109375
0 0.3921875 0.228125 0.103125 0.1015625
0 0.396875 0.334375 0.109375 0.103125
0 0.39375 0.44453125 0.096875 0.0890625
0 0.39296875 0.56328125 0.1078125 0.08125
0 0.39609375 0.684375 0.103125 0.0890625
0 0.39375 0.80234375 0.0953125 0.0984375
0 0.39921875 0.93984375 0.0984375 0.1
0 0.88203125 0.6015625 0.15625 0.196875