0 0.05859375 0.07421875 0.1171875 0.1484375
0 0.05546875 0.20078125 0.103125 0.1421875
0 0.04921875 0.33046875 0.09375 0.1625
0 0.21171875 0.06328125 0.128125 0.11875
0 0.19609375 0.24140625 0.140625 0.215625
0 0.175 0.44609375 0.1328125 0.228125
0 0.15546875 0.68125 0.1484375 0.246875
0 0.14453125 0.8890625 0.140625 0.221875
0 0.35625 0.0625 0.146875 0.125
0 0.33828125 0.26484375 0.146875 0.2203125
0 0.32265625 0.49609375 0.134375 0.2203125
0 0.30390625 0.7296875 0.1453125 0.23125
0 0.28828125 0.91796875 0.1453125 0.1640625
0 0.51015625 0.07578125 0.153125 0.1484375
0 0.4921875 0.2828125 0.146875 0.225
0 0.471875 0.52109375 0.1484375 0.2265625
0 0.45390625 0.7640625 0.1453125 0.25
0 0.44140625 0.93671875 0.15625 0.1265625
0 0.6796875 0.0859375 0.1890625 0.171875
0 0.8578125 0.0984375 0.190625 0.1921875
0 0.8375 0.34296875 0.196875 0.2578125
0 0.6578125 0.30546875 0.1796875 0.259375
0 0.640625 0.57578125 0.165625 0.275
0 0.80390625 0.5953125 0.1796875 0.284375
0 0.6171875 0.81640625 0.171875 0.2625
0 0.7890625 0.8671875 0.175 0.265625
0 0.93984375 0.890625 0.1203125 0.21875
0 0.9484375 0.62890625 0.103125 0.2703125