0 0.25078125 0.15703125 0.453125 0.3140625
0 0.2546875 0.453125 0.28125 0.3671875
0 0.26171875 0.7453125 0.2046875 0.29375
0 0.26875 0.88671875 0.190625 0.2265625
0 0.5796875 0.63984375 0.159375 0.3609375
0 0.578125 0.89375 0.128125 0.2109375
0 0.834375 0.6875 0.33125 0.2953125
0 0.8328125 0.90625 0.334375 0.1875
0 0.83828125 0.43203125 0.3234375 0.246875
0 0.81171875 0.26484375 0.3765625 0.3796875
0 0.696875 0.13125 0.1828125 0.2625
0 0.55625 0.35078125 0.1296875 0.21875
0 0.55 0.1328125 0.1140625 0.265625