0 0.10234375 0.03359375 0.2046875 0.0640625
0 0.10625 0.09375 0.2 0.0578125
0 0.10390625 0.1453125 0.1953125 0.0421875
0 0.10546875 0.19765625 0.1890625 0.0546875
0 0.1015625 0.2515625 0.1921875 0.04375
0 0.103125 0.30703125 0.19375 0.0484375
0 0.11328125 0.36640625 0.1984375 0.046875
0 0.10234375 0.4203125 0.1859375 0.0453125
0 0.10703125 0.478125 0.20625 0.04375
0 0.10859375 0.53203125 0.196875 0.0484375
0 0.1078125 0.5859375 0.2046875 0.0546875
0 0.10390625 0.646875 0.2 0.0515625
0 0.10859375 0.69375 0.1953125 0.0421875
0 0.11328125 0.75 0.1984375 0.0609375
0 0.10625 0.80625 0.2 0.05625
0 0.10234375 0.86328125 0.2046875 0.0515625
0 0.10078125 0.9140625 0.1890625 0.0515625
0 0.096875 0.97265625 0.190625 0.0546875
0 0.30390625 0.03359375 0.2 0.0484375
0 0.30625 0.09453125 0.1921875 0.059375
0 0.30625 0.146875 0.19375 0.040625
0 0.2984375 0.203125 0.2015625 0.065625
0 0.30546875 0.2578125 0.1921875 0.0421875
0 0.309375 0.3078125 0.20625 0.0546875
0 0.29921875 0.36328125 0.196875 0.0484375
0 0.3015625 0.41796875 0.1953125 0.0546875
0 0.3078125 0.47109375 0.1921875 0.05625
0 0.30625 0.52421875 0.1921875 0.0515625
0 0.30703125 0.58125 0.190625 0.0625
0 0.303125 0.64140625 0.1984375 0.0625
0 0.30078125 0.6984375 0.1890625 0.0375
0 0.30390625 0.7484375 0.196875 0.059375
0 0.30546875 0.809375 0.1921875 0.0625
0 0.303125 0.865625 0.1984375 0.053125
0 0.30234375 0.91875 0.2078125 0.0484375
0 0.3015625 0.97265625 0.2 0.0546875
0 0.5078125 0.0296875 0.1921875 0.05625
0 0.50625 0.0875 0.1921875 0.05
0 0.5046875 0.146875 0.190625 0.05625
0 0.50546875 0.20390625 0.2 0.0515625
0 0.496875 0.25390625 0.1890625 0.05
0 0.4984375 0.30703125 0.1828125 0.05625
0 0.4953125 0.3609375 0.1875 0.0515625
0 0.496875 0.41640625 0.190625 0.059375
0 0.50234375 0.475 0.1953125 0.059375
0 0.50078125 0.534375 0.1984375 0.0640625
0 0.50546875 0.5875 0.1921875 0.0421875
0 0.5015625 0.63984375 0.1921875 0.0625
0 0.5078125 0.703125 0.196875 0.0640625
0 0.503125 0.76015625 0.203125 0.0578125
0 0.50390625 0.81171875 0.2046875 0.04375
0 0.50078125 0.86484375 0.1984375 0.059375
0 0.50390625 0.91953125 0.1875 0.046875
0 0.50546875 0.9703125 0.1890625 0.059375
0 0.70625 0.03359375 0.203125 0.0515625
0 0.6984375 0.08515625 0.1984375 0.0484375
0 0.703125 0.14140625 0.196875 0.059375
0 0.703125 0.1984375 0.1953125 0.05625
0 0.69375 0.25390625 0.1875 0.05
0 0.6921875 0.31015625 0.190625 0.059375
0 0.696875 0.3671875 0.1921875 0.05625
0 0.69609375 0.41640625 0.1921875 0.0515625
0 0.6984375 0.4703125 0.1984375 0.0578125
0 0.6984375 0.52421875 0.1984375 0.0484375
0 0.70390625 0.58125 0.2078125 0.0671875
0 0.70546875 0.640625 0.2 0.0578125
0 0.70546875 0.69921875 0.196875 0.0578125
0 0.703125 0.75703125 0.2 0.059375
0 0.703125 0.8125 0.196875 0.046875
0 0.69921875 0.86328125 0.2078125 0.059375
0 0.7046875 0.91640625 0.1984375 0.059375
0 0.6984375 0.97265625 0.2125 0.0546875
0 0.90390625 0.02890625 0.1921875 0.053125
0 0.90234375 0.0859375 0.19375 0.0578125
0 0.90546875 0.14375 0.1890625 0.05625
0 0.90390625 0.19609375 0.1921875 0.0515625
0 0.8984375 0.2515625 0.196875 0.0640625
0 0.89765625 0.3125 0.2046875 0.053125
0 0.9 0.3609375 0.2 0.0515625
0 0.8984375 0.41796875 0.203125 0.0578125
0 0.9015625 0.47265625 0.196875 0.059375
0 0.8984375 0.5265625 0.203125 0.06875
0 0.90234375 0.590625 0.1890625 0.059375
0 0.90390625 0.64140625 0.1921875 0.0625
0 0.8984375 0.6953125 0.203125 0.053125
0 0.90390625 0.75078125 0.1921875 0.0515625
0 0.90390625 0.8078125 0.1921875 0.0515625
0 0.9015625 0.86328125 0.196875 0.0515625
0 0.90234375 0.91640625 0.1953125 0.0578125
0 0.9046875 0.97265625 0.190625 0.0546875