0 0.184375 0.0765625 0.2140625 0.08125
0 0.41640625 0.07890625 0.228125 0.090625
0 0.6375 0.09765625 0.1421875 0.0546875
0 0.7875 0.15390625 0.1421875 0.08125
0 0.890625 0.06875 0.21875 0.0890625
0 0.93125 0.16015625 0.1375 0.084375
0 0.93125 0.23671875 0.1375 0.09375
0 0.78515625 0.23828125 0.1609375 0.0859375
0 0.63125 0.17421875 0.1453125 0.08125
0 0.625 0.26171875 0.1359375 0.0859375
0 0.171875 0.14921875 0.25 0.0875
0 0.40859375 0.1671875 0.215625 0.0828125
0 0.403125 0.246875 0.2328125 0.090625
0 0.16875 0.25859375 0.2390625 0.1140625
0 0.1671875 0.35 0.2234375 0.084375
0 0.38203125 0.37421875 0.2078125 0.09375
0 0.6125 0.3296875 0.1921875 0.059375
0 0.77734375 0.3140625 0.1421875 0.0671875
0 0.925 0.31875 0.15 0.053125
0 0.934375 0.39296875 0.13125 0.078125
0 0.796875 0.39140625 0.1546875 0.078125
0 0.603125 0.390625 0.221875 0.065625
0 0.16640625 0.4203125 0.1734375 0.059375
0 0.38359375 0.45234375 0.209375 0.05
0 0.59453125 0.46015625 0.2046875 0.0734375
0 0.82890625 0.465625 0.23125 0.0765625
0 0.97578125 0.51640625 0.0484375 0.1578125
0 0.8296875 0.53359375 0.2265625 0.059375
0 0.59609375 0.5234375 0.228125 0.06875
0 0.378125 0.515625 0.203125 0.0640625
0 0.1609375 0.4953125 0.2203125 0.096875
0 0.1671875 0.5796875 0.234375 0.0890625
0 0.1640625 0.66015625 0.1890625 0.090625
0 0.1609375 0.75234375 0.2171875 0.109375
0 0.1625 0.83828125 0.2234375 0.0921875
0 0.10703125 0.915625 0.2046875 0.1046875
0 0.33515625 0.93125 0.253125 0.1171875
0 0.371875 0.74453125 0.2078125 0.125
0 0.40078125 0.66171875 0.159375 0.075
0 0.39765625 0.58671875 0.1515625 0.0796875
0 0.59765625 0.603125 0.23125 0.09375
0 0.5921875 0.6734375 0.2078125 0.059375
0 0.5859375 0.73984375 0.228125 0.1
0 0.59453125 0.8015625 0.2453125 0.0765625
0 0.5859375 0.8765625 0.2421875 0.0890625
0 0.5796875 0.953125 0.225 0.071875
0 0.81484375 0.6 0.19375 0.0671875
0 0.828125 0.66484375 0.2203125 0.059375
0 0.8265625 0.72265625 0.2265625 0.0765625
0 0.96875 0.7 0.0625 0.190625
0 0.8265625 0.7765625 0.1828125 0.0578125
0 0.88203125 0.8328125 0.234375 0.0625
0 0.88125 0.903125 0.2375 0.0609375
0 0.8765625 0.9671875 0.23125 0.065625
0 0.73046875 0.8984375 0.0421875 0.203125