0 0.19453125 0.21875 0.15 0.2515625
0 0.17890625 0.43828125 0.1546875 0.25625
0 0.171875 0.684375 0.1546875 0.2265625
0 0.16640625 0.86640625 0.15 0.121875
0 0.36640625 0.73203125 0.19375 0.2484375
0 0.37109375 0.46484375 0.2 0.278125
0 0.37421875 0.2046875 0.1703125 0.29375
0 0.57734375 0.1640625 0.24375 0.328125
0 0.58828125 0.43828125 0.2296875 0.3109375
0 0.590625 0.7515625 0.2390625 0.3453125
0 0.8796875 0.64375 0.240625 0.371875
0 0.84921875 0.31953125 0.3015625 0.2875
0 0.8515625 0.121875 0.296875 0.24375
0 0.05703125 0.27734375 0.1140625 0.25
0 0.04609375 0.50625 0.0921875 0.2125
0 0.04296875 0.7109375 0.0859375 0.190625
0 0.359375 0.93046875 0.203125 0.1390625
0 0.06484375 0.0921875 0.1296875 0.1796875