0 0.09921875 0.0359375 0.1984375 0.071875
0 0.096875 0.11328125 0.1640625 0.05625
0 0.09921875 0.19765625 0.1671875 0.0703125
0 0.103125 0.2921875 0.1984375 0.09375
0 0.1015625 0.3859375 0.196875 0.0953125
0 0.046875 0.50703125 0.090625 0.1046875
0 0.1625 0.509375 0.1390625 0.1125
0 0.096875 0.63984375 0.19375 0.078125
0 0.09921875 0.74140625 0.1984375 0.103125
0 0.096875 0.84921875 0.19375 0.0875
0 0.10078125 0.9609375 0.1984375 0.078125
0 0.225 0.64921875 0.03125 0.046875
0 0.22734375 0.6984375 0.0375 0.0390625
0 0.22890625 0.74375 0.034375 0.0359375
0 0.3734375 0.10234375 0.2515625 0.128125
0 0.38984375 0.26484375 0.1875 0.16875
0 0.37265625 0.4265625 0.259375 0.115625
0 0.38046875 0.56796875 0.1828125 0.1328125
0 0.37578125 0.73671875 0.246875 0.115625
0 0.390625 0.83984375 0.209375 0.0796875
0 0.38046875 0.92421875 0.240625 0.084375