0 0.21484375 0.07578125 0.2375 0.1375
0 0.2140625 0.19609375 0.240625 0.13125
0 0.21328125 0.3109375 0.2390625 0.121875
0 0.2109375 0.43828125 0.240625 0.1234375
0 0.21015625 0.55625 0.24375 0.1203125
0 0.209375 0.684375 0.2515625 0.1046875
0 0.20859375 0.81875 0.2546875 0.1015625
0 0.20859375 0.95390625 0.2609375 0.0921875
0 0.39453125 0.109375 0.1109375 0.103125
0 0.39296875 0.2234375 0.10625 0.103125
0 0.39296875 0.33125 0.11875 0.1015625
0 0.396875 0.45 0.1171875 0.096875
0 0.39296875 0.56640625 0.1078125 0.0953125
0 0.39609375 0.6859375 0.10625 0.10625
0 0.3921875 0.81015625 0.1015625 0.1140625
0 0.3984375 0.93984375 0.1078125 0.1203125
0 0.884375 0.60234375 0.1796875 0.24375