0 0.1421875 0.39453125 0.225 0.0546875
0 0.40546875 0.39453125 0.228125 0.0484375
0 0.6671875 0.396875 0.215625 0.05625
0 0.90390625 0.396875 0.1875 0.05625
0 0.90703125 0.46171875 0.1859375 0.0484375
0 0.66953125 0.459375 0.2203125 0.046875
0 0.40546875 0.459375 0.221875 0.046875
0 0.14609375 0.45859375 0.2203125 0.05
0 0.1421875 0.525 0.228125 0.0484375
0 0.13984375 0.59140625 0.221875 0.046875
0 0.14140625 0.665625 0.225 0.0484375
0 0.1390625 0.73125 0.2234375 0.053125
0 0.1421875 0.7953125 0.215625 0.0546875
0 0.14296875 0.86171875 0.21875 0.0578125
0 0.13984375 0.925 0.2140625 0.0453125
0 0.40390625 0.52578125 0.2234375 0.0515625
0 0.40078125 0.59296875 0.221875 0.0578125
0 0.40625 0.66640625 0.2234375 0.0578125
0 0.403125 0.73359375 0.2171875 0.0578125
0 0.4078125 0.79765625 0.2265625 0.0484375
0 0.40546875 0.86328125 0.21875 0.059375
0 0.40390625 0.92734375 0.2234375 0.0578125
0 0.6671875 0.52734375 0.2234375 0.059375
0 0.66328125 0.59140625 0.2265625 0.0515625
0 0.66640625 0.6671875 0.21875 0.059375
0 0.6578125 0.73046875 0.2234375 0.046875
0 0.65859375 0.7984375 0.2078125 0.053125
0 0.6578125 0.865625 0.2046875 0.05625
0 0.66015625 0.92734375 0.2109375 0.0484375
0 0.90703125 0.52421875 0.1859375 0.0515625
0 0.90859375 0.59140625 0.1828125 0.0515625
0 0.90546875 0.67109375 0.1875 0.0703125
0 0.90703125 0.734375 0.184375 0.05625
0 0.90703125 0.79296875 0.1859375 0.0609375
0 0.90859375 0.859375 0.1828125 0.065625
0 0.90703125 0.9234375 0.1859375 0.05625