0 0.1609375 0.06796875 0.284375 0.1328125
0 0.159375 0.23984375 0.271875 0.153125
0 0.165625 0.42421875 0.2828125 0.1515625
0 0.16328125 0.6125 0.290625 0.1640625
0 0.165625 0.79453125 0.28125 0.1671875
0 0.165625 0.94609375 0.2859375 0.1078125
0 0.49375 0.95 0.2875 0.1
0 0.49140625 0.06640625 0.278125 0.125
0 0.490625 0.2359375 0.284375 0.15625
0 0.49375 0.42265625 0.28125 0.140625
0 0.496875 0.60546875 0.284375 0.1625
0 0.4953125 0.79609375 0.278125 0.1640625
0 0.825 0.0640625 0.2890625 0.128125
0 0.8265625 0.2359375 0.296875 0.159375
0 0.828125 0.421875 0.284375 0.1546875
0 0.828125 0.6109375 0.3015625 0.16875
0 0.83046875 0.8 0.3015625 0.1703125
0 0.8328125 0.95234375 0.290625 0.0921875