0 0.27734375 0.10859375 0.2140625 0.2171875
0 0.26328125 0.25234375 0.1984375 0.2640625
0 0.26015625 0.546875 0.2828125 0.3578125
0 0.25078125 0.86328125 0.4578125 0.2609375
0 0.575 0.096875 0.125 0.19375
0 0.58046875 0.3625 0.15 0.340625
0 0.5609375 0.66484375 0.1296875 0.1984375
0 0.55546875 0.85859375 0.10625 0.2765625
0 0.825 0.08984375 0.35 0.1796875
0 0.82890625 0.3125 0.3421875 0.24375
0 0.83828125 0.5796875 0.3234375 0.25
0 0.8078125 0.765625 0.384375 0.275
0 0.8046875 0.87109375 0.3875 0.2578125
0 0.46484375 0.4296875 0.0734375 0.103125