0 0.10234375 0.0296875 0.2046875 0.059375
0 0.103125 0.08671875 0.20625 0.0515625
0 0.103125 0.1359375 0.203125 0.0515625
0 0.103125 0.19140625 0.19375 0.0609375
0 0.09921875 0.24921875 0.1953125 0.0546875
0 0.10234375 0.30546875 0.203125 0.05
0 0.103125 0.3578125 0.203125 0.05625
0 0.10078125 0.41171875 0.1890625 0.0546875
0 0.096875 0.46796875 0.19375 0.059375
0 0.10078125 0.52578125 0.19375 0.0515625
0 0.1 0.58125 0.196875 0.059375
0 0.10234375 0.63046875 0.1984375 0.059375
0 0.09921875 0.690625 0.1953125 0.059375
0 0.1 0.74609375 0.1984375 0.0515625
0 0.1 0.79921875 0.196875 0.05625
0 0.09921875 0.853125 0.196875 0.053125
0 0.10234375 0.909375 0.2046875 0.05625
0 0.0984375 0.96484375 0.196875 0.0578125
0 0.3046875 0.02734375 0.190625 0.0546875
0 0.30390625 0.08203125 0.1921875 0.05
0 0.30625 0.13046875 0.2 0.0484375
0 0.3015625 0.1875 0.1953125 0.0640625
0 0.303125 0.25 0.1984375 0.05625
0 0.29921875 0.30390625 0.1953125 0.053125
0 0.3015625 0.35625 0.2 0.053125
0 0.29921875 0.4140625 0.2 0.059375
0 0.3 0.4703125 0.2078125 0.05
0 0.30234375 0.525 0.2046875 0.05625
0 0.2984375 0.5796875 0.19375 0.05625
0 0.30390625 0.6375 0.196875 0.0578125
0 0.2984375 0.6875 0.1984375 0.0515625
0 0.303125 0.74296875 0.1984375 0.059375
0 0.3 0.80078125 0.1921875 0.059375
0 0.30234375 0.85546875 0.184375 0.0515625
0 0.30234375 0.90703125 0.18125 0.0515625
0 0.3 0.9625 0.19375 0.0609375
0 0.50234375 0.0296875 0.2109375 0.0546875
0 0.5 0.08203125 0.1859375 0.0609375
0 0.5015625 0.13359375 0.196875 0.046875
0 0.5015625 0.190625 0.2 0.06875
0 0.50703125 0.25078125 0.2078125 0.0515625
0 0.5046875 0.303125 0.20625 0.05625
0 0.5078125 0.35859375 0.2046875 0.05
0 0.5 0.41171875 0.190625 0.05625
0 0.49921875 0.46953125 0.1875 0.05625
0 0.5078125 0.525 0.1796875 0.053125
0 0.4953125 0.578125 0.2046875 0.053125
0 0.503125 0.63359375 0.2015625 0.059375
0 0.50390625 0.690625 0.1921875 0.059375
0 0.5015625 0.74765625 0.203125 0.05625
0 0.49765625 0.80078125 0.2046875 0.046875
0 0.5015625 0.853125 0.203125 0.0609375
0 0.4953125 0.90859375 0.209375 0.0515625
0 0.4953125 0.96640625 0.2078125 0.0671875
0 0.7015625 0.0265625 0.1921875 0.0515625
0 0.69765625 0.08203125 0.20625 0.0578125
0 0.69609375 0.1375 0.203125 0.0546875
0 0.703125 0.19296875 0.190625 0.05625
0 0.7078125 0.24765625 0.1953125 0.0484375
0 0.7015625 0.30078125 0.1875 0.0515625
0 0.70703125 0.35703125 0.1984375 0.0546875
0 0.7046875 0.40859375 0.1984375 0.040625
0 0.696875 0.46484375 0.1890625 0.0625
0 0.696875 0.52265625 0.1921875 0.053125
0 0.70078125 0.58046875 0.2015625 0.0625
0 0.70390625 0.63515625 0.1875 0.05
0 0.70390625 0.690625 0.1875 0.0625
0 0.7 0.74765625 0.1953125 0.05625
0 0.6984375 0.80234375 0.1984375 0.046875
0 0.7015625 0.8546875 0.1921875 0.05625
0 0.70703125 0.91171875 0.1984375 0.0609375
0 0.70390625 0.96796875 0.2046875 0.0453125
0 0.90078125 0.0296875 0.196875 0.05625
0 0.9 0.0890625 0.196875 0.046875
0 0.8984375 0.13671875 0.203125 0.0578125
0 0.89921875 0.19296875 0.2 0.059375
0 0.9015625 0.246875 0.196875 0.05
0 0.90078125 0.303125 0.1984375 0.0625
0 0.89375 0.35703125 0.1984375 0.046875
0 0.9 0.4125 0.1921875 0.059375
0 0.9015625 0.4671875 0.1921875 0.0515625
0 0.89765625 0.52265625 0.1953125 0.0546875
0 0.9 0.58203125 0.2 0.059375
0 0.9 0.6390625 0.196875 0.0578125
0 0.89765625 0.69140625 0.2 0.0484375
0 0.89453125 0.74609375 0.203125 0.0515625
0 0.89453125 0.79921875 0.2046875 0.05625
0 0.9 0.853125 0.196875 0.053125
0 0.90234375 0.90859375 0.1953125 0.0546875
0 0.90625 0.96484375 0.1875 0.0546875