0 0.12578125 0.09921875 0.1921875 0.10625
0 0.40703125 0.1 0.3 0.0984375
0 0.69921875 0.10078125 0.209375 0.0921875
0 0.89765625 0.10078125 0.1375 0.1046875
0 0.90234375 0.2234375 0.1375 0.0953125
0 0.659375 0.22109375 0.3046875 0.0953125
0 0.4046875 0.225 0.159375 0.0953125
0 0.2484375 0.2234375 0.1171875 0.0921875
0 0.1015625 0.22265625 0.1421875 0.0984375
0 0.175 0.34375 0.2796875 0.090625
0 0.43359375 0.34296875 0.2 0.0890625
0 0.66796875 0.33984375 0.2265625 0.0859375
0 0.88515625 0.34609375 0.1703125 0.0828125
0 0.9046875 0.4640625 0.1328125 0.0984375
0 0.70546875 0.46328125 0.2140625 0.0984375
0 0.44140625 0.4640625 0.28125 0.0765625
0 0.16015625 0.46484375 0.25625 0.078125
0 0.103125 0.584375 0.1453125 0.103125
0 0.26484375 0.5859375 0.121875 0.10625
0 0.41796875 0.5890625 0.09375 0.10625
0 0.56484375 0.58359375 0.1328125 0.1015625
0 0.7359375 0.5796875 0.1375 0.103125
0 0.9015625 0.58515625 0.134375 0.09375
0 0.87421875 0.69765625 0.190625 0.0921875
0 0.6671875 0.6953125 0.1671875 0.09375
0 0.44140625 0.69765625 0.2515625 0.0765625
0 0.16171875 0.696875 0.2640625 0.078125
0 0.31875 0.8609375 0.328125 0.1609375
0 0.68046875 0.86328125 0.34375 0.1609375