0 0.090625 0.353125 0.109375 0.0828125
0 0.08984375 0.47421875 0.1140625 0.0953125
0 0.09140625 0.58046875 0.1109375 0.071875
0 0.090625 0.69375 0.109375 0.075
0 0.09140625 0.80078125 0.1109375 0.075
0 0.3359375 0.359375 0.1140625 0.08125
0 0.334375 0.475 0.1125 0.08125
0 0.33515625 0.57890625 0.1078125 0.075
0 0.33515625 0.69140625 0.109375 0.0703125
0 0.3359375 0.80859375 0.1125 0.090625
0 0.5796875 0.36171875 0.1109375 0.078125
0 0.57890625 0.46875 0.1078125 0.0703125
0 0.58046875 0.58515625 0.1125 0.0796875
0 0.57734375 0.68984375 0.1078125 0.0671875
0 0.57890625 0.803125 0.10625 0.071875
0 0.82421875 0.36015625 0.11875 0.075
0 0.821875 0.47578125 0.1125 0.0921875
0 0.8234375 0.57890625 0.1109375 0.0671875
0 0.821875 0.69140625 0.1109375 0.0703125
0 0.825 0.80078125 0.1109375 0.075