0 0.09921875 0.03515625 0.1984375 0.0640625
0 0.1015625 0.15 0.196875 0.084375
0 0.10078125 0.265625 0.196875 0.1015625
0 0.1 0.36171875 0.1921875 0.09375
0 0.046875 0.496875 0.090625 0.1125
0 0.16015625 0.496875 0.13125 0.109375
0 0.1 0.6125 0.1953125 0.078125
0 0.10078125 0.70859375 0.196875 0.0859375
0 0.09765625 0.79921875 0.1671875 0.0671875
0 0.09609375 0.87890625 0.1625 0.078125
0 0.09921875 0.96484375 0.1984375 0.0703125
0 0.378125 0.07421875 0.2421875 0.09375
0 0.3890625 0.16875 0.2046875 0.0828125
0 0.37265625 0.26171875 0.2421875 0.1078125
0 0.38515625 0.428125 0.1640625 0.1328125
0 0.37109375 0.57265625 0.25 0.1125
0 0.39140625 0.740625 0.1859375 0.1578125
0 0.3703125 0.89921875 0.25625 0.121875
0 0.22734375 0.25390625 0.0359375 0.053125
0 0.22578125 0.30390625 0.034375 0.0546875
0 0.2265625 0.34921875 0.0265625 0.0609375