0 0.85078125 0.871875 0.296875 0.25625
0 0.85078125 0.66796875 0.2984375 0.2703125
0 0.875 0.340625 0.25 0.3625
0 0.59375 0.2421875 0.246875 0.3578125
0 0.58359375 0.559375 0.225 0.3125
0 0.58046875 0.8421875 0.2390625 0.315625
0 0.371875 0.78984375 0.1765625 0.296875
0 0.375 0.5265625 0.1890625 0.275
0 0.3671875 0.26953125 0.1984375 0.265625
0 0.35703125 0.0671875 0.2015625 0.134375
0 0.1765625 0.3171875 0.15625 0.2421875
0 0.17109375 0.13515625 0.1578125 0.1234375
0 0.1828125 0.55234375 0.1609375 0.2328125
0 0.18984375 0.78828125 0.14375 0.246875
0 0.03828125 0.29296875 0.0765625 0.1546875
0 0.0484375 0.4984375 0.096875 0.234375
0 0.0625 0.72578125 0.1234375 0.2859375