0 0.11875 0.0203125 0.2359375 0.040625
0 0.1 0.08984375 0.2 0.1046875
0 0.15859375 0.15625 0.2203125 0.0859375
0 0.1625 0.2453125 0.2140625 0.096875
0 0.1625 0.340625 0.1890625 0.090625
0 0.16484375 0.41875 0.2296875 0.0953125
0 0.159375 0.50859375 0.2203125 0.090625
0 0.16484375 0.58359375 0.171875 0.059375
0 0.16171875 0.653125 0.221875 0.0828125
0 0.16953125 0.746875 0.234375 0.1234375
0 0.1703125 0.84375 0.240625 0.071875
0 0.1828125 0.928125 0.2015625 0.065625
0 0.33203125 0.0703125 0.2640625 0.1125
0 0.37109375 0.2578125 0.209375 0.121875
0 0.39296875 0.34375 0.1609375 0.075
0 0.3953125 0.41171875 0.159375 0.0703125
0 0.37734375 0.48515625 0.2015625 0.0796875
0 0.38125 0.55078125 0.2046875 0.0625
0 0.3859375 0.628125 0.2203125 0.0984375
0 0.40078125 0.7515625 0.23125 0.0828125
0 0.4015625 0.82265625 0.2234375 0.090625
0 0.41484375 0.91640625 0.21875 0.09375
0 0.57890625 0.04765625 0.2171875 0.0859375
0 0.58984375 0.12734375 0.2453125 0.0890625
0 0.59296875 0.20078125 0.2484375 0.084375
0 0.58671875 0.2703125 0.21875 0.0703125
0 0.5859375 0.3265625 0.209375 0.065625
0 0.5984375 0.403125 0.2484375 0.0984375
0 0.5890625 0.48203125 0.21875 0.0671875
0 0.58984375 0.546875 0.221875 0.090625
0 0.60390625 0.6109375 0.221875 0.059375
0 0.6125 0.665625 0.1875 0.0546875
0 0.62734375 0.75 0.1375 0.0953125
0 0.63046875 0.82890625 0.14375 0.071875
0 0.6359375 0.90390625 0.140625 0.05625
0 0.8765625 0.03125 0.240625 0.0625
0 0.88203125 0.09921875 0.2359375 0.0671875
0 0.8796875 0.165625 0.2296875 0.0609375
0 0.8234375 0.2203125 0.184375 0.0546875
0 0.8296875 0.27734375 0.23125 0.0640625
0 0.82578125 0.34296875 0.215625 0.0609375
0 0.81796875 0.41015625 0.1828125 0.0625
0 0.828125 0.47421875 0.2203125 0.0640625
0 0.834375 0.540625 0.2328125 0.0671875
0 0.7921875 0.609375 0.1484375 0.075
0 0.93359375 0.6140625 0.1328125 0.075
0 0.925 0.6828125 0.15 0.0609375
0 0.78125 0.6875 0.1375 0.059375
0 0.7828125 0.75625 0.1640625 0.0953125
0 0.93125 0.76015625 0.1375 0.0890625
0 0.78515625 0.84765625 0.1453125 0.0828125
0 0.93125 0.84921875 0.1375 0.0828125
0 0.89375 0.9265625 0.2125 0.0828125
0 0.734375 0.10078125 0.04375 0.19375
0 0.02421875 0.21875 0.0484375 0.0734375
0 0.0265625 0.29375 0.053125 0.0734375