0 0.14140625 0.11015625 0.146875 0.21875
0 0.15703125 0.32421875 0.146875 0.234375
0 0.17734375 0.55078125 0.146875 0.225
0 0.1953125 0.7703125 0.14375 0.225
0 0.21171875 0.94375 0.140625 0.1125
0 0.2875 0.08828125 0.15 0.1765625
0 0.3 0.27734375 0.1515625 0.2265625
0 0.3203125 0.50078125 0.15 0.21875
0 0.3390625 0.73984375 0.1515625 0.221875
0 0.3546875 0.93828125 0.146875 0.1234375
0 0.4421875 0.06875 0.15625 0.1375
0 0.4546875 0.2390625 0.159375 0.25
0 0.4765625 0.47890625 0.1640625 0.2390625
0 0.490625 0.71875 0.1609375 0.2265625
0 0.50859375 0.92890625 0.1609375 0.1421875
0 0.61953125 0.1828125 0.1734375 0.2640625
0 0.6421875 0.41953125 0.1625 0.271875
0 0.65859375 0.7015625 0.1765625 0.2640625
0 0.67890625 0.91171875 0.175 0.1765625
0 0.78984375 0.13203125 0.1828125 0.2640625
0 0.80546875 0.40078125 0.1859375 0.2796875
0 0.83671875 0.659375 0.196875 0.2578125
0 0.853125 0.90390625 0.1953125 0.1921875
0 0.9390625 0.109375 0.121875 0.215625
0 0.9515625 0.365625 0.096875 0.25
0 0.96171875 0.63984375 0.075 0.2453125