0 0.140625 0.05703125 0.14375 0.1140625
0 0.3125 0.06328125 0.1359375 0.1265625
0 0.4796875 0.06875 0.1265625 0.1296875
0 0.6359375 0.27109375 0.1171875 0.15625
0 0.7765625 0.27265625 0.1125 0.153125
0 0.47890625 0.2609375 0.1328125 0.165625
0 0.315625 0.259375 0.1359375 0.1703125
0 0.14296875 0.25625 0.1390625 0.171875
0 0.1546875 0.4859375 0.146875 0.16875
0 0.31953125 0.49140625 0.1484375 0.1640625
0 0.48046875 0.48125 0.1296875 0.1546875
0 0.6265625 0.484375 0.090625 0.1203125
0 0.78046875 0.67265625 0.109375 0.153125
0 0.78046875 0.86640625 0.1109375 0.153125
0 0.31796875 0.70390625 0.1390625 0.1703125
0 0.14453125 0.71171875 0.1421875 0.1859375
0 0.146875 0.925 0.1390625 0.15
0 0.3203125 0.91640625 0.1375 0.1671875
0 0.03046875 0.37265625 0.0609375 0.1703125
0 0.03359375 0.55 0.0671875 0.1640625
0 0.03046875 0.721875 0.0609375 0.1640625
0 0.03203125 0.9015625 0.0640625 0.18125