0 0.28359375 0.25390625 0.3890625 0.178125
0 0.68125 0.2578125 0.3875 0.1828125
0 0.9421875 0.25625 0.115625 0.178125
0 0.8515625 0.51875 0.296875 0.290625
0 0.35078125 0.51640625 0.671875 0.315625
0 0.284375 0.78046875 0.3859375 0.1765625
0 0.68203125 0.78046875 0.3890625 0.1765625
0 0.9453125 0.78125 0.109375 0.1828125
0 0.0390625 0.78046875 0.075 0.1859375
0 0.0359375 0.259375 0.071875 0.190625
0 0.21796875 0.94453125 0.4296875 0.1109375
0 0.7234375 0.94765625 0.553125 0.1046875
0 0.7375 0.071875 0.5234375 0.14375
0 0.2296875 0.07265625 0.459375 0.1453125