0 0.16328125 0.065625 0.28125 0.13125
0 0.48671875 0.06328125 0.2828125 0.11875
0 0.8234375 0.06640625 0.29375 0.128125
0 0.16328125 0.23984375 0.284375 0.1453125
0 0.159375 0.42578125 0.2828125 0.146875
0 0.16328125 0.603125 0.2921875 0.1609375
0 0.165625 0.7921875 0.28125 0.153125
0 0.1609375 0.946875 0.2875 0.10625
0 0.48828125 0.23671875 0.2953125 0.153125
0 0.49296875 0.42734375 0.2828125 0.15
0 0.49609375 0.60234375 0.2953125 0.1640625
0 0.49375 0.79609375 0.284375 0.1640625
0 0.49375 0.946875 0.290625 0.10625
0 0.82734375 0.2328125 0.29375 0.1609375
0 0.82734375 0.4234375 0.2921875 0.15
0 0.82890625 0.6046875 0.29375 0.1609375
0 0.828125 0.796875 0.296875 0.159375
0 0.8375 0.9515625 0.3 0.096875