0 0.1 0.03359375 0.2 0.0671875
0 0.09765625 0.11171875 0.171875 0.0671875
0 0.09765625 0.2 0.165625 0.075
0 0.103125 0.28984375 0.1984375 0.0875
0 0.09921875 0.38671875 0.1984375 0.0828125
0 0.04609375 0.50546875 0.0921875 0.109375
0 0.1625 0.5078125 0.1359375 0.1109375
0 0.09921875 0.64375 0.1953125 0.0796875
0 0.1015625 0.734375 0.196875 0.0734375
0 0.10078125 0.85234375 0.19375 0.0828125
0 0.09765625 0.96171875 0.1953125 0.06875
0 0.3734375 0.1046875 0.2625 0.13125
0 0.39140625 0.265625 0.1890625 0.175
0 0.3703125 0.42109375 0.2515625 0.1109375
0 0.3859375 0.571875 0.1671875 0.128125
0 0.375 0.73125 0.25 0.1140625
0 0.38984375 0.83984375 0.2078125 0.0859375
0 0.384375 0.92421875 0.240625 0.08125
0 0.228125 0.64921875 0.028125 0.0515625
0 0.2265625 0.7015625 0.028125 0.0390625
0 0.22578125 0.74375 0.0328125 0.04375