0 0.090625 0.196875 0.109375 0.08125
0 0.08984375 0.3109375 0.1125 0.0640625
0 0.08984375 0.42421875 0.1125 0.0765625
0 0.0921875 0.53125 0.1125 0.06875
0 0.08984375 0.64609375 0.1125 0.0828125
0 0.33515625 0.2 0.1140625 0.0734375
0 0.334375 0.31640625 0.109375 0.090625
0 0.33515625 0.42109375 0.109375 0.078125
0 0.33359375 0.5359375 0.1109375 0.078125
0 0.33515625 0.64296875 0.1109375 0.0828125
0 0.57734375 0.203125 0.1140625 0.0796875
0 0.58125 0.30859375 0.1140625 0.0828125
0 0.57890625 0.421875 0.1125 0.0875
0 0.58046875 0.52890625 0.1140625 0.0796875
0 0.57890625 0.64375 0.109375 0.075
0 0.8234375 0.196875 0.1140625 0.075
0 0.82109375 0.32265625 0.1125 0.0953125
0 0.82421875 0.42109375 0.1125 0.078125
0 0.821875 0.53828125 0.1140625 0.090625
0 0.8234375 0.6421875 0.1125 0.084375