0 0.25390625 0.15859375 0.4640625 0.3171875
0 0.2640625 0.46015625 0.321875 0.39375
0 0.25703125 0.74296875 0.2171875 0.2890625
0 0.2671875 0.884375 0.196875 0.23125
0 0.59375 0.62890625 0.15 0.3765625
0 0.571875 0.89375 0.125 0.2125
0 0.82890625 0.6984375 0.3421875 0.315625
0 0.825 0.90390625 0.35 0.1921875
0 0.82890625 0.43515625 0.3421875 0.2453125
0 0.80703125 0.275 0.3859375 0.434375
0 0.70234375 0.1234375 0.1984375 0.246875
0 0.89140625 0.0796875 0.2171875 0.159375
0 0.55234375 0.13828125 0.1234375 0.2765625
0 0.56171875 0.33671875 0.1328125 0.1875
0 0.46640625 0.58828125 0.096875 0.11875