0 0.21484375 0.084375 0.234375 0.1421875
0 0.21171875 0.19375 0.2359375 0.121875
0 0.21171875 0.3125 0.2453125 0.121875
0 0.2125 0.43203125 0.2453125 0.1140625
0 0.209375 0.55703125 0.2484375 0.103125
0 0.21015625 0.68828125 0.2546875 0.1046875
0 0.20625 0.82265625 0.25 0.11875
0 0.20390625 0.94296875 0.2578125 0.1140625
0 0.39453125 0.034375 0.1203125 0.06875
0 0.390625 0.11484375 0.1078125 0.115625
0 0.39140625 0.21875 0.1125 0.109375
0 0.390625 0.3265625 0.10625 0.109375
0 0.39296875 0.4421875 0.1078125 0.10625
0 0.3953125 0.5578125 0.103125 0.1078125
0 0.39140625 0.68828125 0.103125 0.1140625
0 0.39453125 0.80625 0.1046875 0.115625
0 0.39296875 0.93828125 0.1 0.11875
0 0.88671875 0.60703125 0.175 0.228125