0 0.14765625 0.0765625 0.1375 0.153125
0 0.3203125 0.0890625 0.134375 0.1703125
0 0.3171875 0.2984375 0.1421875 0.18125
0 0.1453125 0.290625 0.14375 0.190625
0 0.1578125 0.51484375 0.1375 0.1703125
0 0.32109375 0.5125 0.1484375 0.171875
0 0.47734375 0.515625 0.13125 0.1640625
0 0.6296875 0.5046875 0.0859375 0.128125
0 0.78046875 0.32578125 0.10625 0.1546875
0 0.78359375 0.13046875 0.109375 0.15625
0 0.77890625 0.73359375 0.103125 0.15625
0 0.63515625 0.728125 0.115625 0.1609375
0 0.4796875 0.7359375 0.1265625 0.1609375
0 0.31484375 0.73515625 0.1328125 0.159375
0 0.14453125 0.74453125 0.1375 0.1671875
0 0.13984375 0.94453125 0.1375 0.1109375
0 0.315625 0.9390625 0.1359375 0.121875
0 0.47890625 0.92890625 0.1296875 0.1421875
0 0.03203125 0.63125 0.0640625 0.16875
0 0.034375 0.45625 0.06875 0.175
0 0.034375 0.2765625 0.065625 0.175
0 0.0328125 0.1015625 0.065625 0.18125