0 0.57890625 0.17421875 0.24375 0.3484375
0 0.85078125 0.12734375 0.2984375 0.2546875
0 0.846875 0.32734375 0.3015625 0.25625
0 0.87890625 0.64140625 0.2421875 0.3703125
0 0.59375 0.74765625 0.253125 0.3265625
0 0.58671875 0.43671875 0.2234375 0.315625
0 0.371875 0.2078125 0.1703125 0.309375
0 0.37578125 0.4765625 0.1921875 0.2734375
0 0.36796875 0.7390625 0.1984375 0.25
0 0.3578125 0.93515625 0.20625 0.1296875
0 0.159375 0.85859375 0.20625 0.11875
0 0.17578125 0.66640625 0.1546875 0.215625
0 0.17734375 0.4390625 0.1609375 0.2453125
0 0.19140625 0.2078125 0.15625 0.240625
0 0.059375 0.265625 0.11875 0.2734375
0 0.046875 0.51015625 0.09375 0.20625
0 0.03984375 0.70234375 0.0796875 0.1734375