0 0.05703125 0.071875 0.1109375 0.140625
0 0.05390625 0.196875 0.10625 0.1578125
0 0.04921875 0.33046875 0.0984375 0.1546875
0 0.21171875 0.05390625 0.1390625 0.103125
0 0.1953125 0.23359375 0.140625 0.209375
0 0.17734375 0.44921875 0.140625 0.23125
0 0.159375 0.6765625 0.140625 0.2296875
0 0.14296875 0.89765625 0.1421875 0.2046875
0 0.35859375 0.065625 0.1453125 0.1234375
0 0.3390625 0.25703125 0.15 0.2328125
0 0.32265625 0.49375 0.146875 0.215625
0 0.30078125 0.72578125 0.14375 0.2234375
0 0.28515625 0.92109375 0.1484375 0.1578125
0 0.51015625 0.07578125 0.1609375 0.1484375
0 0.4921875 0.28984375 0.159375 0.2203125
0 0.47734375 0.51796875 0.1578125 0.2421875
0 0.45546875 0.77109375 0.16875 0.2421875
0 0.440625 0.93828125 0.1625 0.1234375
0 0.67578125 0.0859375 0.1875 0.171875
0 0.6578125 0.31015625 0.1765625 0.265625
0 0.64375 0.58203125 0.1671875 0.265625
0 0.6203125 0.8234375 0.1703125 0.25
0 0.79140625 0.865625 0.1796875 0.26875
0 0.80234375 0.59453125 0.1828125 0.28125
0 0.840625 0.34296875 0.190625 0.2578125
0 0.85234375 0.096875 0.196875 0.1921875
0 0.96171875 0.35234375 0.0765625 0.2359375
0 0.95 0.63125 0.1 0.259375
0 0.9390625 0.8921875 0.11875 0.215625