0 0.1828125 0.0734375 0.225 0.06875
0 0.4171875 0.0796875 0.2265625 0.0859375
0 0.634375 0.0953125 0.1453125 0.059375
0 0.78359375 0.15234375 0.146875 0.084375
0 0.89140625 0.065625 0.2171875 0.0875
0 0.92734375 0.15078125 0.140625 0.084375
0 0.778125 0.23671875 0.1546875 0.090625
0 0.9265625 0.24140625 0.146875 0.1015625
0 0.78125 0.31640625 0.146875 0.053125
0 0.92890625 0.321875 0.1421875 0.046875
0 0.63203125 0.16953125 0.1328125 0.084375
0 0.6265625 0.253125 0.1265625 0.096875
0 0.61484375 0.33046875 0.184375 0.0515625
0 0.79453125 0.3921875 0.153125 0.078125
0 0.934375 0.3875 0.13125 0.0703125
0 0.971875 0.5171875 0.0515625 0.1703125
0 0.828125 0.46640625 0.2328125 0.0671875
0 0.83046875 0.52890625 0.228125 0.0578125
0 0.81640625 0.5953125 0.1875 0.0671875
0 0.82578125 0.65703125 0.209375 0.059375
0 0.96875 0.70234375 0.0625 0.184375
0 0.82578125 0.72109375 0.2234375 0.0640625
0 0.82421875 0.77578125 0.1875 0.0578125
0 0.88125 0.83671875 0.228125 0.053125
0 0.88125 0.9046875 0.2375 0.0578125
0 0.87734375 0.9671875 0.234375 0.065625
0 0.73359375 0.90234375 0.0375 0.1953125
0 0.40078125 0.1671875 0.2234375 0.0921875
0 0.40390625 0.2515625 0.225 0.090625
0 0.3875 0.37265625 0.2125 0.0875
0 0.6078125 0.38515625 0.225 0.071875
0 0.5984375 0.4609375 0.2109375 0.0765625
0 0.5890625 0.52578125 0.2234375 0.0671875
0 0.596875 0.596875 0.234375 0.0984375
0 0.5890625 0.671875 0.2046875 0.0625
0 0.58984375 0.7390625 0.228125 0.09375
0 0.59296875 0.80078125 0.2390625 0.0734375
0 0.58515625 0.8765625 0.2546875 0.0859375
0 0.58203125 0.95703125 0.2171875 0.08125
0 0.16796875 0.15703125 0.2421875 0.08125
0 0.1765625 0.25859375 0.2390625 0.11875
0 0.16328125 0.3484375 0.2390625 0.084375
0 0.165625 0.41328125 0.18125 0.065625
0 0.1640625 0.4921875 0.2203125 0.084375
0 0.1625 0.58359375 0.23125 0.075
0 0.16484375 0.65625 0.19375 0.0828125
0 0.1640625 0.75625 0.2125 0.0953125
0 0.1578125 0.83046875 0.221875 0.0796875
0 0.10546875 0.91328125 0.1984375 0.10625
0 0.3359375 0.93125 0.2546875 0.10625
0 0.3734375 0.7375 0.2078125 0.1046875
0 0.39765625 0.6515625 0.159375 0.0859375
0 0.39921875 0.58671875 0.1609375 0.0625
0 0.38046875 0.5234375 0.19375 0.0671875
0 0.384375 0.453125 0.2109375 0.08125
0 0.10546875 0.97734375 0.2109375 0.0453125
0 0.02265625 0.77578125 0.0453125 0.06875
0 0.028125 0.71171875 0.05625 0.0671875
0 0.02265625 0.6453125 0.0421875 0.0671875
0 0.0109375 0.528125 0.015625 0.0484375