0 0.0609375 0.07734375 0.121875 0.1453125
0 0.05390625 0.1953125 0.1078125 0.15625
0 0.04765625 0.32890625 0.09375 0.1796875
0 0.21171875 0.0578125 0.1390625 0.1109375
0 0.359375 0.0625 0.146875 0.125
0 0.51015625 0.078125 0.1609375 0.15625
0 0.68359375 0.0828125 0.18125 0.165625
0 0.85390625 0.0984375 0.1921875 0.196875
0 0.19609375 0.23046875 0.1421875 0.2125
0 0.33828125 0.2609375 0.15 0.225
0 0.4921875 0.28828125 0.1578125 0.2484375
0 0.65859375 0.30625 0.16875 0.2453125
0 0.83984375 0.340625 0.1921875 0.25625
0 0.95 0.6375 0.1 0.246875
0 0.80234375 0.590625 0.18125 0.2890625
0 0.64375 0.57265625 0.16875 0.24375
0 0.4734375 0.5203125 0.171875 0.25625
0 0.32109375 0.48984375 0.1578125 0.246875
0 0.17265625 0.45078125 0.146875 0.240625
0 0.15859375 0.678125 0.1484375 0.2375
0 0.3015625 0.721875 0.1546875 0.228125
0 0.45390625 0.7609375 0.1625 0.259375
0 0.6171875 0.81015625 0.1765625 0.2625
0 0.78984375 0.86328125 0.1734375 0.2734375
0 0.9375 0.8890625 0.125 0.221875
0 0.440625 0.93515625 0.1625 0.1296875
0 0.28359375 0.91484375 0.1625 0.1703125
0 0.140625 0.8890625 0.159375 0.221875