0 0.1 0.03359375 0.2 0.0671875
0 0.0984375 0.11953125 0.1671875 0.071875
0 0.096875 0.203125 0.171875 0.071875
0 0.10625 0.29296875 0.184375 0.065625
0 0.0984375 0.38359375 0.196875 0.0828125
0 0.046875 0.50390625 0.0890625 0.10625
0 0.1609375 0.5078125 0.134375 0.1171875
0 0.1 0.64140625 0.1953125 0.078125
0 0.09765625 0.728125 0.1953125 0.0890625
0 0.10078125 0.8515625 0.2 0.0890625
0 0.1015625 0.9625 0.196875 0.075
0 0.22734375 0.64921875 0.0328125 0.0390625
0 0.22578125 0.7 0.03125 0.0390625
0 0.228125 0.746875 0.0359375 0.0421875
0 0.3703125 0.0984375 0.2578125 0.134375
0 0.39296875 0.26484375 0.1875 0.16875
0 0.37109375 0.4265625 0.25625 0.115625
0 0.38515625 0.5734375 0.1765625 0.1609375
0 0.371875 0.73359375 0.2484375 0.109375
0 0.38984375 0.8359375 0.20625 0.071875
0 0.3796875 0.921875 0.2390625 0.0875