0 0.23046875 0.07109375 0.4609375 0.1390625
0 0.7359375 0.07421875 0.528125 0.1390625
0 0.0375 0.2546875 0.075 0.178125
0 0.2828125 0.2546875 0.3875 0.178125
0 0.68359375 0.25546875 0.3890625 0.1765625
0 0.9453125 0.25390625 0.109375 0.178125
0 0.85078125 0.51875 0.2984375 0.3
0 0.35234375 0.51328125 0.6734375 0.309375
0 0.03828125 0.78046875 0.0734375 0.1859375
0 0.28359375 0.778125 0.390625 0.184375
0 0.6828125 0.778125 0.3875 0.18125
0 0.9453125 0.77890625 0.109375 0.1828125
0 0.21640625 0.94609375 0.4328125 0.1078125
0 0.7234375 0.94296875 0.553125 0.1140625