0 0.16171875 0.30234375 0.265625 0.071875
0 0.43984375 0.3015625 0.240625 0.075
0 0.6640625 0.30625 0.171875 0.0875
0 0.8734375 0.30234375 0.1921875 0.0890625
0 0.6828125 0.1390625 0.3359375 0.1640625
0 0.31640625 0.13359375 0.325 0.165625
0 0.90390625 0.4171875 0.128125 0.0953125
0 0.73671875 0.415625 0.1359375 0.0921875
0 0.5671875 0.41328125 0.1359375 0.096875
0 0.41640625 0.4140625 0.1 0.0953125
0 0.2703125 0.41640625 0.1234375 0.10625
0 0.1015625 0.415625 0.1421875 0.1015625
0 0.159375 0.53359375 0.2578125 0.0828125
0 0.44296875 0.540625 0.2734375 0.084375
0 0.703125 0.53359375 0.2140625 0.0984375
0 0.90234375 0.53828125 0.1375 0.0921875
0 0.88515625 0.65703125 0.1703125 0.0796875
0 0.66953125 0.65390625 0.2234375 0.09375
0 0.43359375 0.65546875 0.203125 0.0890625
0 0.17421875 0.653125 0.284375 0.08125
0 0.10078125 0.77578125 0.1421875 0.1
0 0.24609375 0.775 0.1265625 0.0984375
0 0.40390625 0.7765625 0.15625 0.0984375
0 0.65625 0.775 0.3140625 0.0984375
0 0.90234375 0.778125 0.14375 0.096875
0 0.903125 0.89921875 0.14375 0.1046875
0 0.70234375 0.90078125 0.2109375 0.0921875
0 0.40625 0.903125 0.2953125 0.096875
0 0.12421875 0.896875 0.1859375 0.1