0 0.0921875 0.19453125 0.1125 0.0921875
0 0.0921875 0.315625 0.1109375 0.075
0 0.09140625 0.41953125 0.1125 0.096875
0 0.090625 0.53515625 0.115625 0.0921875
0 0.0921875 0.64296875 0.1140625 0.078125
0 0.33671875 0.1984375 0.1171875 0.078125
0 0.33515625 0.30546875 0.1125 0.0765625
0 0.3359375 0.41953125 0.1109375 0.075
0 0.334375 0.52890625 0.109375 0.0859375
0 0.3359375 0.6375 0.1109375 0.08125
0 0.58046875 0.1984375 0.1109375 0.084375
0 0.58046875 0.3125 0.1125 0.075
0 0.5234375 0.38046875 0.0015625 0.0046875
0 0.5796875 0.4171875 0.1109375 0.084375
0 0.5796875 0.52890625 0.1109375 0.0859375
0 0.57890625 0.64296875 0.109375 0.078125
0 0.821875 0.2 0.1140625 0.0875
0 0.8234375 0.30703125 0.1125 0.075
0 0.82421875 0.421875 0.1109375 0.0796875
0 0.8234375 0.5265625 0.109375 0.0734375
0 0.82578125 0.6390625 0.1140625 0.084375