0 0.14296875 0.3953125 0.2421875 0.0609375
0 0.14375 0.46171875 0.2296875 0.05
0 0.15 0.5234375 0.228125 0.04375
0 0.13828125 0.58984375 0.2234375 0.053125
0 0.14140625 0.6625 0.2296875 0.046875
0 0.1453125 0.73515625 0.2171875 0.0609375
0 0.14453125 0.79609375 0.2265625 0.046875
0 0.1390625 0.8609375 0.2109375 0.0546875
0 0.1453125 0.92890625 0.2171875 0.05625
0 0.40390625 0.39296875 0.228125 0.0515625
0 0.4015625 0.4609375 0.2296875 0.0546875
0 0.40390625 0.5265625 0.228125 0.0546875
0 0.40234375 0.590625 0.228125 0.0515625
0 0.39921875 0.6640625 0.2296875 0.0640625
0 0.40546875 0.73203125 0.221875 0.05
0 0.40546875 0.79609375 0.21875 0.059375
0 0.4015625 0.859375 0.2046875 0.0484375
0 0.3953125 0.921875 0.2 0.053125
0 0.665625 0.3984375 0.2265625 0.0546875
0 0.66328125 0.45859375 0.221875 0.05
0 0.66015625 0.53125 0.228125 0.05625
0 0.6609375 0.5890625 0.23125 0.059375
0 0.66796875 0.66015625 0.2171875 0.05625
0 0.66171875 0.7296875 0.2046875 0.059375
0 0.66640625 0.8 0.215625 0.059375
0 0.6703125 0.8625 0.221875 0.053125
0 0.67109375 0.92578125 0.2078125 0.0421875
0 0.90703125 0.3953125 0.1859375 0.046875
0 0.90234375 0.459375 0.1953125 0.05625
0 0.90625 0.5265625 0.1875 0.0546875
0 0.90703125 0.5890625 0.1859375 0.053125
0 0.9109375 0.66015625 0.178125 0.0625
0 0.91328125 0.73046875 0.1734375 0.0515625
0 0.915625 0.796875 0.16875 0.05
0 0.9109375 0.86171875 0.178125 0.0640625
0 0.91484375 0.93125 0.1703125 0.046875