0 0.21328125 0.07890625 0.234375 0.134375
0 0.2109375 0.19296875 0.2375 0.13125
0 0.21328125 0.3140625 0.2453125 0.1265625
0 0.2078125 0.43046875 0.234375 0.1140625
0 0.21328125 0.5515625 0.2453125 0.103125
0 0.20546875 0.6828125 0.2578125 0.0984375
0 0.21171875 0.81953125 0.2578125 0.0953125
0 0.20546875 0.9421875 0.2703125 0.115625
0 0.40390625 0.0359375 0.1390625 0.059375
0 0.3890625 0.11875 0.109375 0.13125
0 0.3953125 0.21796875 0.125 0.11875
0 0.39296875 0.32578125 0.125 0.1234375
0 0.4078125 0.4421875 0.134375 0.121875
0 0.3984375 0.5578125 0.115625 0.1109375
0 0.4 0.6859375 0.13125 0.10625
0 0.39609375 0.8078125 0.1109375 0.1265625
0 0.39140625 0.9375 0.1078125 0.125
0 0.8828125 0.61171875 0.178125 0.2421875