0 0.0921875 0.196875 0.1125 0.0765625
0 0.33828125 0.1953125 0.1140625 0.078125
0 0.090625 0.30625 0.1140625 0.071875
0 0.09296875 0.4203125 0.1140625 0.0828125
0 0.08984375 0.5328125 0.115625 0.0765625
0 0.09140625 0.64296875 0.10625 0.078125
0 0.3359375 0.30859375 0.115625 0.08125
0 0.334375 0.4234375 0.109375 0.0796875
0 0.33359375 0.53046875 0.1109375 0.0796875
0 0.3328125 0.646875 0.1140625 0.0890625
0 0.57421875 0.19453125 0.1203125 0.0796875
0 0.57890625 0.3078125 0.10625 0.084375
0 0.578125 0.4203125 0.115625 0.075
0 0.57890625 0.53203125 0.1125 0.075
0 0.58046875 0.6421875 0.1171875 0.0796875
0 0.821875 0.196875 0.11875 0.084375
0 0.825 0.3078125 0.1109375 0.0828125
0 0.8234375 0.41875 0.1171875 0.0828125
0 0.8234375 0.53125 0.1140625 0.078125
0 0.825 0.6453125 0.109375 0.0828125