0 0.140625 0.39453125 0.221875 0.05
0 0.1421875 0.46171875 0.2296875 0.05625
0 0.14296875 0.525 0.2234375 0.05
0 0.1375 0.590625 0.2234375 0.05625
0 0.13828125 0.66640625 0.2203125 0.0546875
0 0.14140625 0.73515625 0.23125 0.0515625
0 0.1421875 0.7953125 0.225 0.059375
0 0.1390625 0.865625 0.2234375 0.0515625
0 0.13984375 0.934375 0.2171875 0.0546875
0 0.40390625 0.39453125 0.225 0.0578125
0 0.40234375 0.4640625 0.2203125 0.0515625
0 0.4046875 0.52578125 0.221875 0.0546875
0 0.40390625 0.590625 0.2171875 0.0546875
0 0.4 0.66953125 0.228125 0.06875
0 0.40234375 0.728125 0.209375 0.065625
0 0.40234375 0.7984375 0.2296875 0.0640625
0 0.40078125 0.8625 0.21875 0.05625
0 0.40234375 0.9296875 0.2140625 0.0703125
0 0.66484375 0.39375 0.2265625 0.053125
0 0.6671875 0.4609375 0.2203125 0.0546875
0 0.66953125 0.525 0.228125 0.05
0 0.66484375 0.59375 0.21875 0.0609375
0 0.66328125 0.665625 0.221875 0.0578125
0 0.66328125 0.73125 0.215625 0.05625
0 0.6640625 0.79296875 0.2171875 0.0578125
0 0.6640625 0.86328125 0.221875 0.0578125
0 0.66640625 0.91953125 0.215625 0.053125
0 0.90546875 0.39453125 0.1890625 0.05
0 0.9046875 0.4625 0.190625 0.065625
0 0.90703125 0.5234375 0.1859375 0.046875
0 0.9078125 0.5890625 0.184375 0.046875
0 0.9078125 0.65859375 0.184375 0.0609375
0 0.9078125 0.728125 0.184375 0.059375
0 0.909375 0.8 0.18125 0.0515625
0 0.9078125 0.8640625 0.184375 0.05
0 0.90625 0.928125 0.1875 0.0625