0 0.10234375 0.0296875 0.2046875 0.059375
0 0.10078125 0.090625 0.2015625 0.0640625
0 0.103125 0.14375 0.196875 0.053125
0 0.1 0.2015625 0.2 0.0578125
0 0.103125 0.253125 0.20625 0.0484375
0 0.10234375 0.3046875 0.203125 0.05
0 0.103125 0.359375 0.2 0.0625
0 0.1015625 0.41875 0.196875 0.0546875
0 0.1046875 0.4765625 0.2 0.0609375
0 0.1015625 0.53203125 0.203125 0.0515625
0 0.1015625 0.5875 0.203125 0.0609375
0 0.10078125 0.640625 0.2015625 0.0609375
0 0.103125 0.6953125 0.20625 0.05625
0 0.1015625 0.75234375 0.203125 0.0546875
0 0.10234375 0.8046875 0.2046875 0.0625
0 0.1015625 0.86171875 0.203125 0.0609375
0 0.10234375 0.91875 0.2046875 0.05625
0 0.103125 0.96875 0.20625 0.05
0 0.30859375 0.0328125 0.2015625 0.0578125
0 0.30703125 0.08984375 0.203125 0.0578125
0 0.3015625 0.146875 0.196875 0.0578125
0 0.29921875 0.203125 0.196875 0.0546875
0 0.30078125 0.2515625 0.2015625 0.05
0 0.29921875 0.3078125 0.2 0.053125
0 0.3015625 0.3640625 0.196875 0.059375
0 0.3015625 0.4203125 0.2 0.0515625
0 0.30078125 0.4765625 0.1984375 0.0609375
0 0.3046875 0.53203125 0.196875 0.0546875
0 0.303125 0.584375 0.2 0.0515625
0 0.30546875 0.640625 0.2 0.0609375
0 0.30078125 0.696875 0.190625 0.0578125
0 0.30234375 0.75234375 0.1859375 0.0546875
0 0.30078125 0.8171875 0.1953125 0.0703125
0 0.3015625 0.8703125 0.1953125 0.053125
0 0.30078125 0.91875 0.1984375 0.0515625
0 0.29609375 0.96640625 0.1953125 0.0671875
0 0.5046875 0.034375 0.1921875 0.053125
0 0.503125 0.0890625 0.1953125 0.053125
0 0.503125 0.1453125 0.1953125 0.059375
0 0.50234375 0.2 0.196875 0.0515625
0 0.5015625 0.253125 0.196875 0.0515625
0 0.4984375 0.309375 0.1921875 0.0515625
0 0.5046875 0.3671875 0.1921875 0.0625
0 0.5 0.4234375 0.196875 0.05
0 0.50390625 0.47890625 0.19375 0.0625
0 0.503125 0.5328125 0.1953125 0.05
0 0.50390625 0.58671875 0.1984375 0.059375
0 0.503125 0.64296875 0.1984375 0.0546875
0 0.503125 0.69921875 0.2 0.0625
0 0.5 0.759375 0.2046875 0.0609375
0 0.50078125 0.8125 0.2 0.0578125
0 0.5046875 0.8625 0.1953125 0.0484375
0 0.50625 0.9171875 0.1953125 0.0640625
0 0.50546875 0.97265625 0.1890625 0.0546875
0 0.7015625 0.0328125 0.1953125 0.0578125
0 0.7 0.08984375 0.1984375 0.0578125
0 0.70390625 0.1453125 0.1953125 0.0640625
0 0.70390625 0.2 0.1953125 0.059375
0 0.703125 0.25625 0.2015625 0.0546875
0 0.70234375 0.3078125 0.19375 0.0640625
0 0.7 0.36640625 0.1921875 0.053125
0 0.69921875 0.41875 0.19375 0.05625
0 0.7046875 0.4734375 0.1890625 0.0484375
0 0.70078125 0.52578125 0.19375 0.059375
0 0.70625 0.5875 0.2046875 0.0640625
0 0.69921875 0.646875 0.196875 0.0546875
0 0.70390625 0.69921875 0.1953125 0.0578125
0 0.70234375 0.753125 0.1984375 0.053125
0 0.70703125 0.8046875 0.1859375 0.05
0 0.69921875 0.859375 0.196875 0.0609375
0 0.70078125 0.9171875 0.1890625 0.05625
0 0.7015625 0.9734375 0.2 0.0515625
0 0.8984375 0.0359375 0.19375 0.0546875
0 0.9 0.0921875 0.1984375 0.0578125
0 0.90078125 0.14609375 0.1984375 0.053125
0 0.9015625 0.2 0.1953125 0.05625
0 0.9015625 0.25625 0.196875 0.0515625
0 0.9 0.3078125 0.1984375 0.0515625
0 0.8984375 0.3609375 0.1984375 0.05625
0 0.8984375 0.4171875 0.1984375 0.0484375
0 0.89921875 0.46953125 0.2015625 0.0609375
0 0.9015625 0.528125 0.196875 0.05625
0 0.9015625 0.5875 0.196875 0.065625
0 0.90546875 0.640625 0.184375 0.046875
0 0.903125 0.6921875 0.19375 0.059375
0 0.9015625 0.74765625 0.196875 0.065625
0 0.8984375 0.8078125 0.203125 0.05625
0 0.9015625 0.859375 0.196875 0.0546875
0 0.89453125 0.91328125 0.196875 0.053125
0 0.89921875 0.96953125 0.2015625 0.0609375