0 0.06484375 0.1 0.1296875 0.1984375
0 0.0578125 0.28203125 0.115625 0.2859375
0 0.05 0.521875 0.1 0.2421875
0 0.1953125 0.221875 0.1578125 0.2484375
0 0.1828125 0.4328125 0.159375 0.2390625
0 0.17265625 0.684375 0.1640625 0.246875
0 0.16015625 0.871875 0.1390625 0.11875
0 0.371875 0.20078125 0.1875 0.2953125
0 0.365625 0.471875 0.1921875 0.2859375
0 0.35703125 0.7625 0.2171875 0.278125
0 0.3578125 0.95703125 0.209375 0.0859375
0 0.58046875 0.16875 0.259375 0.3375
0 0.58125 0.44609375 0.2140625 0.321875
0 0.59140625 0.74140625 0.259375 0.321875
0 0.8765625 0.64453125 0.246875 0.3828125
0 0.8453125 0.3328125 0.309375 0.303125
0 0.853125 0.134375 0.29375 0.26875