0 0.25078125 0.15234375 0.45 0.3046875
0 0.25546875 0.4484375 0.2796875 0.365625
0 0.2625 0.7328125 0.203125 0.25
0 0.2703125 0.88984375 0.19375 0.2203125
0 0.57109375 0.6328125 0.1484375 0.3703125
0 0.56484375 0.8984375 0.1453125 0.203125
0 0.82578125 0.89921875 0.3484375 0.2015625
0 0.825 0.68046875 0.35 0.2828125
0 0.8375 0.4125 0.325 0.271875
0 0.8921875 0.065625 0.215625 0.13125
0 0.70703125 0.12265625 0.2015625 0.2453125
0 0.81015625 0.26640625 0.3796875 0.3890625
0 0.5546875 0.334375 0.1296875 0.21875
0 0.54921875 0.1328125 0.1015625 0.265625