0 0.2859375 0.253125 0.3953125 0.178125
0 0.6828125 0.2546875 0.3875 0.1890625
0 0.94296875 0.2546875 0.1140625 0.184375
0 0.84921875 0.51640625 0.3015625 0.3078125
0 0.35078125 0.51328125 0.671875 0.303125
0 0.23125 0.07265625 0.4625 0.1453125
0 0.7359375 0.07265625 0.528125 0.1453125
0 0.040625 0.25625 0.071875 0.1796875
0 0.03671875 0.77890625 0.0734375 0.190625
0 0.2859375 0.78046875 0.403125 0.1890625
0 0.68515625 0.7765625 0.396875 0.184375
0 0.94609375 0.77890625 0.1078125 0.1828125
0 0.215625 0.94296875 0.428125 0.1140625
0 0.7234375 0.94296875 0.553125 0.1140625