0 0.05859375 0.0765625 0.1171875 0.1375
0 0.05390625 0.196875 0.1078125 0.159375
0 0.04765625 0.3265625 0.0953125 0.19375
0 0.21171875 0.06015625 0.1328125 0.1203125
0 0.35625 0.07578125 0.15 0.1515625
0 0.19609375 0.2359375 0.1375 0.2140625
0 0.178125 0.4578125 0.153125 0.2359375
0 0.16015625 0.68671875 0.1484375 0.2359375
0 0.1421875 0.8859375 0.134375 0.228125
0 0.3390625 0.265625 0.153125 0.234375
0 0.3234375 0.5015625 0.153125 0.2359375
0 0.3046875 0.73046875 0.140625 0.2453125
0 0.28515625 0.91875 0.1546875 0.1625
0 0.509375 0.0734375 0.159375 0.146875
0 0.48984375 0.2875 0.1734375 0.25
0 0.47578125 0.525 0.1578125 0.240625
0 0.45 0.75625 0.171875 0.2546875
0 0.44140625 0.9328125 0.159375 0.134375
0 0.678125 0.0921875 0.171875 0.184375
0 0.6578125 0.309375 0.18125 0.2578125
0 0.64296875 0.5765625 0.1671875 0.265625
0 0.6171875 0.81953125 0.175 0.2703125
0 0.85703125 0.10703125 0.196875 0.2140625
0 0.8359375 0.3484375 0.20625 0.2703125
0 0.81015625 0.596875 0.165625 0.2859375
0 0.78515625 0.8625 0.190625 0.271875
0 0.9390625 0.8859375 0.121875 0.228125
0 0.946875 0.6328125 0.10625 0.278125