0 0.1640625 0.06484375 0.28125 0.1296875
0 0.1671875 0.23671875 0.278125 0.140625
0 0.165625 0.4234375 0.2796875 0.14375
0 0.16640625 0.609375 0.2890625 0.15625
0 0.1671875 0.784375 0.278125 0.1453125
0 0.171875 0.9484375 0.271875 0.103125
0 0.48828125 0.06328125 0.2796875 0.1265625
0 0.49296875 0.2328125 0.2890625 0.153125
0 0.49453125 0.421875 0.2765625 0.1328125
0 0.49609375 0.60546875 0.2953125 0.1515625
0 0.5015625 0.78671875 0.2875 0.146875
0 0.4953125 0.95078125 0.28125 0.0984375
0 0.8359375 0.953125 0.3 0.09375
0 0.8328125 0.79453125 0.2734375 0.146875
0 0.83359375 0.60546875 0.2953125 0.15625
0 0.82734375 0.41796875 0.28125 0.140625
0 0.83046875 0.23828125 0.3 0.1515625
0 0.82265625 0.0609375 0.2921875 0.121875