0 0.18125 0.07734375 0.228125 0.0875
0 0.41875 0.078125 0.21875 0.0890625
0 0.171875 0.15390625 0.2375 0.084375
0 0.40859375 0.17421875 0.21875 0.0859375
0 0.4078125 0.24375 0.2328125 0.08125
0 0.1671875 0.253125 0.240625 0.1296875
0 0.165625 0.34921875 0.228125 0.1
0 0.16484375 0.4140625 0.1765625 0.065625
0 0.16171875 0.49140625 0.225 0.103125
0 0.16328125 0.584375 0.2390625 0.0984375
0 0.1625 0.65859375 0.190625 0.090625
0 0.16015625 0.75 0.2140625 0.09375
0 0.16171875 0.8328125 0.2203125 0.0796875
0 0.10078125 0.909375 0.2015625 0.1
0 0.0234375 0.77734375 0.046875 0.08125
0 0.03046875 0.70625 0.0515625 0.0671875
0 0.103125 0.9765625 0.203125 0.046875
0 0.3359375 0.9234375 0.265625 0.1203125
0 0.37109375 0.7421875 0.2015625 0.1171875
0 0.38828125 0.3703125 0.2125 0.1
0 0.38359375 0.446875 0.2109375 0.06875
0 0.38125 0.51953125 0.2 0.08125
0 0.3921875 0.58828125 0.1578125 0.059375
0 0.39453125 0.653125 0.175 0.0859375
0 0.6375 0.0953125 0.140625 0.0609375
0 0.6328125 0.1671875 0.14375 0.084375
0 0.62578125 0.2546875 0.1375 0.0953125
0 0.609375 0.33359375 0.1984375 0.06875
0 0.60703125 0.390625 0.2171875 0.0578125
0 0.5953125 0.45546875 0.2015625 0.078125
0 0.590625 0.5203125 0.21875 0.0671875
0 0.59765625 0.59375 0.2375 0.109375
0 0.59609375 0.6734375 0.2140625 0.0640625
0 0.5921875 0.73359375 0.2296875 0.0796875
0 0.58984375 0.803125 0.253125 0.0734375
0 0.58359375 0.871875 0.240625 0.090625
0 0.57890625 0.9515625 0.2265625 0.090625
0 0.73125 0.90234375 0.053125 0.1953125
0 0.87265625 0.9640625 0.2359375 0.071875
0 0.8828125 0.9 0.234375 0.075
0 0.88046875 0.83125 0.225 0.0671875
0 0.82109375 0.771875 0.1875 0.0578125
0 0.96875 0.70078125 0.0625 0.1828125
0 0.97421875 0.5171875 0.0515625 0.16875
0 0.82421875 0.71875 0.225 0.0703125
0 0.82890625 0.65859375 0.2109375 0.0625
0 0.81484375 0.59296875 0.1953125 0.0640625
0 0.828125 0.525 0.2328125 0.065625
0 0.83359375 0.459375 0.23125 0.0671875
0 0.796875 0.3890625 0.14375 0.078125
0 0.93359375 0.3859375 0.1328125 0.084375
0 0.9234375 0.3140625 0.153125 0.065625
0 0.78359375 0.3125 0.14375 0.0609375
0 0.78046875 0.240625 0.1609375 0.0890625
0 0.93125 0.2421875 0.1375 0.09375
0 0.78671875 0.15625 0.15 0.0921875
0 0.93125 0.1546875 0.1375 0.090625
0 0.8875 0.06640625 0.225 0.0796875
0 0.9234375 0.01484375 0.153125 0.0296875