0 0.31328125 0.14140625 0.325 0.18125
0 0.68125 0.1421875 0.3421875 0.1546875
0 0.1640625 0.2984375 0.265625 0.084375
0 0.4390625 0.3 0.24375 0.071875
0 0.6703125 0.303125 0.175 0.0890625
0 0.87109375 0.2984375 0.1984375 0.096875
0 0.90625 0.4140625 0.13125 0.1046875
0 0.7359375 0.4140625 0.134375 0.0921875
0 0.5703125 0.415625 0.13125 0.096875
0 0.42109375 0.4125 0.0984375 0.10625
0 0.26953125 0.41484375 0.128125 0.1171875
0 0.103125 0.41796875 0.14375 0.1046875
0 0.159375 0.53359375 0.2625 0.090625
0 0.44609375 0.53984375 0.2828125 0.0859375
0 0.70078125 0.53359375 0.2125 0.1015625
0 0.90390625 0.5359375 0.1390625 0.103125
0 0.88671875 0.653125 0.1703125 0.0859375
0 0.66796875 0.6546875 0.2296875 0.090625
0 0.4328125 0.6546875 0.2 0.090625
0 0.17421875 0.65 0.2859375 0.0890625
0 0.1015625 0.7765625 0.140625 0.1
0 0.25078125 0.78125 0.1171875 0.0921875
0 0.4 0.771875 0.165625 0.1015625
0 0.6578125 0.77265625 0.30625 0.0953125
0 0.90390625 0.7796875 0.146875 0.10625
0 0.9 0.896875 0.1421875 0.1015625
0 0.6984375 0.8984375 0.2078125 0.1015625
0 0.4078125 0.9015625 0.30625 0.0984375
0 0.12578125 0.9 0.1890625 0.1109375