0 0.3734375 0.096875 0.265625 0.134375
0 0.38828125 0.2640625 0.1890625 0.184375
0 0.36953125 0.425 0.2703125 0.1140625
0 0.3859375 0.5703125 0.178125 0.128125
0 0.37109375 0.73125 0.253125 0.1171875
0 0.39140625 0.840625 0.2046875 0.0875
0 0.3796875 0.92265625 0.246875 0.0828125
0 0.103125 0.0359375 0.196875 0.0703125
0 0.1 0.11875 0.1625 0.0796875
0 0.0953125 0.2 0.165625 0.071875
0 0.103125 0.296875 0.20625 0.0890625
0 0.103125 0.3875 0.2 0.0875
0 0.16328125 0.503125 0.1296875 0.1140625
0 0.04375 0.5046875 0.0859375 0.1171875
0 0.10078125 0.64375 0.1921875 0.084375
0 0.1015625 0.7375 0.1984375 0.0796875
0 0.1 0.853125 0.19375 0.0890625
0 0.10234375 0.9640625 0.1953125 0.06875