0 0.0328125 0.0890625 0.065625 0.178125
0 0.03359375 0.2671875 0.0671875 0.1890625
0 0.03359375 0.45 0.0671875 0.18125
0 0.0328125 0.6359375 0.065625 0.2
0 0.15078125 0.078125 0.1515625 0.15625
0 0.1453125 0.284375 0.1453125 0.1921875
0 0.15859375 0.5140625 0.1453125 0.16875
0 0.1453125 0.746875 0.140625 0.1796875
0 0.140625 0.94140625 0.140625 0.1171875
0 0.3234375 0.0828125 0.1375 0.165625
0 0.31484375 0.303125 0.1359375 0.184375
0 0.321875 0.5171875 0.134375 0.159375
0 0.315625 0.7421875 0.13125 0.1703125
0 0.3125 0.93671875 0.1453125 0.1265625
0 0.48515625 0.50859375 0.1484375 0.153125
0 0.63125 0.5078125 0.0890625 0.1234375
0 0.48203125 0.7359375 0.1265625 0.178125
0 0.63828125 0.73046875 0.115625 0.1515625
0 0.77578125 0.7171875 0.1 0.1328125
0 0.48515625 0.9265625 0.1171875 0.146875
0 0.7765625 0.325 0.1015625 0.165625
0 0.78046875 0.1265625 0.0984375 0.159375