0 0.05859375 0.20703125 0.1078125 0.265625
0 0.1828125 0.20625 0.11875 0.25625
0 0.30703125 0.2078125 0.1296875 0.2625
0 0.4453125 0.21015625 0.1078125 0.2484375
0 0.5703125 0.21015625 0.1 0.2484375
0 0.68671875 0.21328125 0.1140625 0.2484375
0 0.8109375 0.209375 0.1109375 0.2328125
0 0.93203125 0.2109375 0.1359375 0.2296875
0 0.06171875 0.3875 0.1234375 0.115625
0 0.1984375 0.3921875 0.1234375 0.09375
0 0.31875 0.39140625 0.1265625 0.1125
0 0.43984375 0.38984375 0.1234375 0.1125
0 0.55546875 0.38984375 0.096875 0.10625
0 0.67734375 0.3953125 0.103125 0.109375
0 0.7796875 0.3890625 0.109375 0.1109375
0 0.890625 0.39375 0.09375 0.1125
0 0.97265625 0.3828125 0.0546875 0.1125
0 0.3828125 0.88203125 0.253125 0.1828125