0 0.128125 0.03359375 0.2328125 0.0625
0 0.121875 0.09765625 0.234375 0.0765625
0 0.12265625 0.16484375 0.2296875 0.071875
0 0.178125 0.221875 0.18125 0.046875
0 0.1703125 0.27890625 0.2296875 0.0671875
0 0.17578125 0.33828125 0.2125 0.0625
0 0.18671875 0.4015625 0.1875 0.0734375
0 0.16953125 0.46953125 0.225 0.0640625
0 0.17109375 0.53671875 0.23125 0.059375
0 0.06640625 0.61171875 0.1265625 0.0859375
0 0.20625 0.61015625 0.1484375 0.0828125
0 0.07578125 0.6828125 0.15 0.0640625
0 0.22421875 0.6890625 0.1375 0.0578125
0 0.2234375 0.76171875 0.153125 0.0921875
0 0.06953125 0.76015625 0.1390625 0.0890625
0 0.07265625 0.8515625 0.1359375 0.090625
0 0.21796875 0.8484375 0.1484375 0.084375
0 0.1109375 0.93671875 0.2125 0.078125
0 0.0796875 0.9859375 0.1421875 0.028125
0 0.03046875 0.296875 0.05625 0.1875
0 0.03046875 0.4859375 0.0515625 0.171875
0 0.26640625 0.10390625 0.0359375 0.2078125
0 0.4171875 0.04296875 0.225 0.0859375
0 0.4203125 0.121875 0.2484375 0.09375
0 0.4078125 0.203125 0.2421875 0.0859375
0 0.4125 0.26640625 0.221875 0.09375
0 0.4125 0.33203125 0.215625 0.0734375
0 0.409375 0.403125 0.2453125 0.1046875
0 0.40703125 0.47734375 0.23125 0.0640625
0 0.4046875 0.54609375 0.2171875 0.096875
0 0.39609375 0.61171875 0.225 0.0703125
0 0.38671875 0.67109375 0.1875 0.05625
0 0.371875 0.74140625 0.13125 0.096875
0 0.3640625 0.83046875 0.15 0.0859375
0 0.36328125 0.90625 0.1453125 0.05625
0 0.6640625 0.0625 0.2578125 0.1125
0 0.63125 0.2578125 0.2 0.1171875
0 0.60625 0.35390625 0.159375 0.0734375
0 0.6046875 0.42109375 0.1546875 0.06875
0 0.62578125 0.4859375 0.2 0.06875
0 0.61875 0.55 0.203125 0.065625
0 0.615625 0.62578125 0.215625 0.096875
0 0.5984375 0.75390625 0.246875 0.0921875
0 0.5984375 0.83203125 0.2234375 0.078125
0 0.58125 0.921875 0.221875 0.0796875
0 0.8203125 0.93125 0.209375 0.0640625
0 0.834375 0.83984375 0.2359375 0.0890625
0 0.82890625 0.746875 0.2390625 0.1234375
0 0.83125 0.646875 0.234375 0.0890625
0 0.834375 0.5796875 0.171875 0.071875
0 0.840625 0.509375 0.234375 0.1109375
0 0.8390625 0.41875 0.2359375 0.0859375
0 0.83203125 0.33515625 0.184375 0.0921875
0 0.8375 0.24765625 0.215625 0.0890625
0 0.83828125 0.1640625 0.2171875 0.0890625
0 0.9 0.08515625 0.1984375 0.0953125
0 0.89921875 0.0171875 0.2015625 0.034375
0 0.97890625 0.221875 0.0421875 0.078125
0 0.9734375 0.29375 0.053125 0.0828125
0 0.9859375 0.4734375 0.028125 0.0625