0 0.03671875 0.09765625 0.0734375 0.1953125
0 0.1484375 0.09765625 0.0890625 0.1953125
0 0.2640625 0.1 0.0875 0.2
0 0.35859375 0.09765625 0.0703125 0.1953125
0 0.49453125 0.0421875 0.1015625 0.084375
0 0.49609375 0.15703125 0.1171875 0.13125
0 0.6109375 0.10078125 0.0984375 0.2015625
0 0.71171875 0.09921875 0.0796875 0.1984375
0 0.8015625 0.09296875 0.08125 0.171875
0 0.88359375 0.10078125 0.0453125 0.1828125
0 0.96171875 0.1015625 0.0765625 0.203125
0 0.9078125 0.36796875 0.1390625 0.253125
0 0.7484375 0.38671875 0.16875 0.184375
0 0.57265625 0.3734375 0.1140625 0.259375
0 0.43671875 0.38671875 0.134375 0.1796875
0 0.27109375 0.37109375 0.1234375 0.24375
0 0.1640625 0.3921875 0.0859375 0.2046875
0 0.07578125 0.3765625 0.0984375 0.234375