0 0.10625 0.13984375 0.2125 0.1578125
0 0.7671875 0.19296875 0.2078125 0.14375
0 0.93984375 0.2125 0.1203125 0.146875
0 0.93515625 0.35234375 0.1296875 0.15
0 0.54609375 0.1765625 0.2234375 0.1484375
0 0.32421875 0.159375 0.2171875 0.15
0 0.7375 0.33828125 0.209375 0.1671875
0 0.5171875 0.3203125 0.2328125 0.15
0 0.27734375 0.303125 0.209375 0.1484375
0 0.0890625 0.28515625 0.178125 0.1453125
0 0.06171875 0.44140625 0.1234375 0.159375
0 0.23359375 0.45703125 0.240625 0.1625
0 0.48125 0.4796875 0.225 0.1703125
0 0.71328125 0.4953125 0.2265625 0.171875
0 0.92734375 0.51015625 0.1453125 0.171875
0 0.18515625 0.62109375 0.25625 0.18125
0 0.4171875 0.6390625 0.2640625 0.1640625
0 0.690625 0.653125 0.240625 0.1890625
0 0.91015625 0.675 0.1796875 0.18125
0 0.89921875 0.853125 0.2015625 0.1953125
0 0.665625 0.83828125 0.2640625 0.196875
0 0.39296875 0.80234375 0.275 0.190625
0 0.13125 0.790625 0.253125 0.1796875
0 0.1046875 0.9359375 0.20625 0.128125
0 0.36171875 0.94765625 0.253125 0.1046875
0 0.64453125 0.9625 0.2484375 0.075
0 0.66796875 0.0484375 0.1515625 0.096875
0 0.80546875 0.0546875 0.1484375 0.1046875
0 0.92890625 0.06328125 0.1421875 0.121875