0 0.35625 0.0921875 0.08125 0.1203125
0 0.478125 0.090625 0.071875 0.109375
0 0.578125 0.08984375 0.0859375 0.1078125
0 0.69609375 0.08828125 0.084375 0.1171875
0 0.80078125 0.09375 0.078125 0.115625
0 0.3625 0.33203125 0.08125 0.1125
0 0.46484375 0.3328125 0.0578125 0.1046875
0 0.5765625 0.3359375 0.0671875 0.11875
0 0.68828125 0.334375 0.078125 0.1109375
0 0.8078125 0.334375 0.0640625 0.115625
0 0.35234375 0.58046875 0.1 0.1125
0 0.465625 0.578125 0.065625 0.1109375
0 0.57421875 0.5765625 0.1046875 0.1125
0 0.690625 0.57734375 0.096875 0.10625
0 0.80546875 0.58046875 0.1 0.115625
0 0.35078125 0.82265625 0.0828125 0.1171875
0 0.46484375 0.82265625 0.0984375 0.1171875
0 0.584375 0.821875 0.084375 0.1140625
0 0.69296875 0.82109375 0.090625 0.1140625
0 0.81171875 0.8234375 0.0984375 0.109375