0 0.121875 0.3453125 0.24375 0.390625
0 0.15546875 0.671875 0.3109375 0.28125
0 0.14921875 0.875 0.2984375 0.25
0 0.41875 0.84140625 0.246875 0.3171875
0 0.4125 0.5546875 0.2296875 0.3203125
0 0.4046875 0.2328125 0.2515625 0.33125
0 0.64609375 0.08203125 0.2109375 0.1640625
0 0.63359375 0.271875 0.2 0.23125
0 0.62265625 0.51875 0.1953125 0.2515625
0 0.6296875 0.80703125 0.1765625 0.2921875
0 0.83125 0.13125 0.1921875 0.1359375
0 0.82734375 0.32421875 0.165625 0.21875
0 0.81875 0.56015625 0.1625 0.228125
0 0.8171875 0.78203125 0.1765625 0.25
0 0.93828125 0.728125 0.1234375 0.2828125
0 0.94921875 0.4921875 0.1015625 0.2421875
0 0.93359375 0.90625 0.1328125 0.1875