0 0.48828125 0.34765625 0.296875 0.675
0 0.48203125 0.846875 0.3015625 0.30625
0 0.74140625 0.03828125 0.1828125 0.0765625
0 0.74453125 0.28125 0.18125 0.3890625
0 0.74609375 0.68203125 0.190625 0.3890625
0 0.74765625 0.94296875 0.1890625 0.1140625
0 0.9265625 0.23359375 0.146875 0.4671875
0 0.92890625 0.73671875 0.140625 0.5265625
0 0.21640625 0.03828125 0.1875 0.0765625
0 0.22265625 0.2796875 0.1890625 0.39375
0 0.221875 0.68203125 0.18125 0.390625
0 0.22421875 0.9421875 0.1796875 0.115625
0 0.0578125 0.72421875 0.1046875 0.5515625
0 0.05546875 0.2171875 0.1109375 0.434375