0 0.0515625 0.16171875 0.103125 0.2890625
0 0.2109375 0.1640625 0.146875 0.2828125
0 0.3953125 0.16171875 0.1546875 0.2859375
0 0.57578125 0.159375 0.153125 0.2953125
0 0.7625 0.15859375 0.146875 0.290625
0 0.934375 0.1578125 0.13125 0.296875
0 0.93828125 0.4859375 0.1234375 0.278125
0 0.7625 0.490625 0.1609375 0.2828125
0 0.57890625 0.490625 0.140625 0.278125
0 0.39375 0.49375 0.15625 0.290625
0 0.2078125 0.49453125 0.1625 0.284375
0 0.04921875 0.49296875 0.0984375 0.290625
0 0.04765625 0.8328125 0.0953125 0.2953125
0 0.2046875 0.8296875 0.1609375 0.2953125
0 0.3921875 0.82734375 0.16875 0.309375
0 0.57734375 0.82578125 0.1640625 0.2953125
0 0.76484375 0.82890625 0.1625 0.2984375
0 0.93359375 0.8234375 0.1328125 0.290625