0 0.05625 0.21875 0.109375 0.1875
0 0.31875 0.22109375 0.384375 0.2
0 0.7203125 0.21796875 0.3875 0.1859375
0 0.96328125 0.22265625 0.0734375 0.1828125
0 0.6484375 0.48359375 0.671875 0.3
0 0.15 0.4828125 0.2984375 0.2984375
0 0.05625 0.74296875 0.10625 0.1859375
0 0.31640625 0.74453125 0.3875 0.1921875
0 0.7171875 0.74609375 0.3875 0.1796875
0 0.9625 0.74296875 0.075 0.18125
0 0.7703125 0.925 0.459375 0.15
0 0.26328125 0.92734375 0.521875 0.1453125
0 0.278125 0.05625 0.55625 0.1125
0 0.7828125 0.05625 0.434375 0.1125