0 0.85703125 0.6046875 0.23125 0.0515625
0 0.096875 0.071875 0.19375 0.0625
0 0.09453125 0.140625 0.1890625 0.05
0 0.09140625 0.203125 0.1828125 0.0625
0 0.08984375 0.271875 0.1796875 0.053125
0 0.09296875 0.3390625 0.1859375 0.0609375
0 0.09453125 0.40859375 0.1890625 0.0546875
0 0.09765625 0.475 0.1953125 0.0515625
0 0.09140625 0.5390625 0.1828125 0.05
0 0.0921875 0.6015625 0.1828125 0.0515625
0 0.33984375 0.06953125 0.225 0.059375
0 0.33671875 0.1390625 0.2234375 0.059375
0 0.33671875 0.20625 0.2234375 0.053125
0 0.33984375 0.2703125 0.20625 0.05
0 0.33515625 0.334375 0.2046875 0.0546875
0 0.3359375 0.409375 0.221875 0.053125
0 0.3359375 0.4734375 0.221875 0.05625
0 0.33671875 0.53828125 0.2171875 0.0515625
0 0.33359375 0.60546875 0.2265625 0.05625
0 0.60234375 0.07265625 0.209375 0.0578125
0 0.5984375 0.1390625 0.2109375 0.05
0 0.59609375 0.2078125 0.225 0.0484375
0 0.596875 0.2734375 0.2234375 0.0515625
0 0.59609375 0.33125 0.225 0.0546875
0 0.59921875 0.40703125 0.2234375 0.0515625
0 0.59453125 0.4765625 0.228125 0.0484375
0 0.59921875 0.5390625 0.2265625 0.05
0 0.59375 0.6046875 0.221875 0.0515625
0 0.85546875 0.0734375 0.21875 0.05625
0 0.86015625 0.13984375 0.2203125 0.0578125
0 0.86015625 0.2046875 0.225 0.053125
0 0.859375 0.27265625 0.221875 0.0546875
0 0.85859375 0.33203125 0.23125 0.0578125
0 0.859375 0.40703125 0.2140625 0.0515625
0 0.85546875 0.47265625 0.2140625 0.0546875
0 0.8546875 0.540625 0.2234375 0.0515625