0 0.90703125 0.06796875 0.1859375 0.1359375
0 0.7203125 0.06328125 0.28125 0.1265625
0 0.48359375 0.04765625 0.2328125 0.0953125
0 0.2984375 0.04375 0.1765625 0.0875
0 0.134375 0.17578125 0.146875 0.1703125
0 0.32578125 0.17421875 0.2296875 0.159375
0 0.553125 0.1796875 0.2296875 0.1546875
0 0.79375 0.1953125 0.2421875 0.146875
0 0.80859375 0.37265625 0.2578125 0.16875
0 0.53828125 0.3625 0.2640625 0.1921875
0 0.25 0.3625 0.31875 0.2046875
0 0.04296875 0.359375 0.0859375 0.1984375
0 0.24296875 0.5890625 0.3203125 0.2453125
0 0.5609375 0.58359375 0.3171875 0.2265625
0 0.83984375 0.57890625 0.3203125 0.25
0 0.8734375 0.85 0.253125 0.3
0 0.6609375 0.84609375 0.253125 0.3078125
0 0.359375 0.853125 0.3609375 0.29375