0 0.6046875 0.1390625 0.0546875 0.2359375
0 0.53984375 0.1421875 0.0515625 0.234375
0 0.47421875 0.14140625 0.05 0.225
0 0.41015625 0.14296875 0.046875 0.228125
0 0.3359375 0.13984375 0.05 0.225
0 0.26875 0.140625 0.0515625 0.23125
0 0.20390625 0.13984375 0.046875 0.225
0 0.13828125 0.13671875 0.0484375 0.2234375
0 0.075 0.1390625 0.05 0.23125
0 0.06953125 0.40234375 0.0484375 0.225
0 0.14140625 0.40234375 0.053125 0.21875
0 0.2046875 0.3984375 0.04375 0.2234375
0 0.265625 0.3984375 0.0484375 0.2265625
0 0.3359375 0.4046875 0.05 0.228125
0 0.40859375 0.40234375 0.0546875 0.23125
0 0.475 0.403125 0.0515625 0.2296875
0 0.540625 0.40390625 0.0515625 0.2265625
0 0.603125 0.40234375 0.04375 0.23125
0 0.071875 0.6640625 0.05625 0.2265625
0 0.1390625 0.6671875 0.0625 0.2328125
0 0.20234375 0.6640625 0.05 0.2234375
0 0.2703125 0.65859375 0.0546875 0.2234375
0 0.334375 0.66484375 0.0515625 0.221875
0 0.40703125 0.66484375 0.0546875 0.221875
0 0.47421875 0.66328125 0.0484375 0.221875
0 0.53984375 0.66328125 0.053125 0.221875
0 0.603125 0.66640625 0.0515625 0.2359375
0 0.6078125 0.90234375 0.05 0.1953125
0 0.5390625 0.9 0.0515625 0.2
0 0.471875 0.903125 0.0546875 0.19375
0 0.4109375 0.903125 0.059375 0.19375
0 0.32890625 0.90078125 0.0546875 0.1984375
0 0.26953125 0.90625 0.053125 0.1875
0 0.20546875 0.90390625 0.059375 0.1921875
0 0.140625 0.903125 0.053125 0.19375
0 0.071875 0.903125 0.053125 0.19375