0 0.74296875 0.5375 0.2796875 0.3734375
0 0.73671875 0.25078125 0.20625 0.284375
0 0.72890625 0.10703125 0.1953125 0.2140625
0 0.7515625 0.846875 0.4625 0.3046875
0 0.1671875 0.10078125 0.334375 0.2015625
0 0.16796875 0.3296875 0.3359375 0.24375
0 0.16640625 0.56875 0.3328125 0.246875
0 0.18828125 0.775 0.3765625 0.2875
0 0.1984375 0.87421875 0.396875 0.2515625
0 0.44140625 0.85859375 0.1078125 0.2828125
0 0.43984375 0.65625 0.1375 0.1890625
0 0.4125 0.38984375 0.15 0.3421875
0 0.4140625 0.10390625 0.140625 0.2078125