0 0.10078125 0.0296875 0.2015625 0.059375
0 0.10625 0.08515625 0.2 0.0484375
0 0.1015625 0.13671875 0.2015625 0.05625
0 0.10078125 0.19140625 0.2015625 0.0578125
0 0.09765625 0.246875 0.1953125 0.05
0 0.0984375 0.303125 0.190625 0.05625
0 0.0984375 0.359375 0.190625 0.0484375
0 0.1 0.4140625 0.1875 0.059375
0 0.1015625 0.47109375 0.1921875 0.046875
0 0.1109375 0.52578125 0.1984375 0.0515625
0 0.09921875 0.5765625 0.1921875 0.046875
0 0.09765625 0.63125 0.1953125 0.0578125
0 0.1 0.69140625 0.1984375 0.05625
0 0.0984375 0.74609375 0.1859375 0.0453125
0 0.0984375 0.80078125 0.190625 0.059375
0 0.10390625 0.85546875 0.1953125 0.0546875
0 0.10546875 0.91171875 0.2046875 0.0609375
0 0.10078125 0.9640625 0.1890625 0.059375
0 0.31171875 0.0296875 0.209375 0.059375
0 0.3046875 0.084375 0.18125 0.046875
0 0.3 0.13671875 0.1921875 0.053125
0 0.29375 0.1921875 0.1796875 0.05625
0 0.3046875 0.24453125 0.2015625 0.0484375
0 0.3015625 0.30234375 0.2 0.0546875
0 0.29765625 0.35859375 0.1828125 0.053125
0 0.29765625 0.41171875 0.1921875 0.0546875
0 0.30078125 0.47265625 0.1984375 0.0625
0 0.29765625 0.5265625 0.1875 0.053125
0 0.290625 0.57890625 0.19375 0.0546875
0 0.296875 0.63828125 0.1765625 0.05625
0 0.2984375 0.696875 0.1890625 0.05
0 0.2984375 0.75 0.19375 0.053125
0 0.30390625 0.80078125 0.1953125 0.059375
0 0.3046875 0.853125 0.190625 0.0609375
0 0.30390625 0.9078125 0.2 0.05625
0 0.3046875 0.96328125 0.2015625 0.059375
0 0.49375 0.03046875 0.178125 0.0609375
0 0.50234375 0.0859375 0.190625 0.040625
0 0.4984375 0.13984375 0.1921875 0.053125
0 0.5078125 0.19140625 0.2015625 0.059375
0 0.50078125 0.246875 0.1984375 0.053125
0 0.50390625 0.303125 0.2046875 0.05625
0 0.50234375 0.35625 0.215625 0.06875
0 0.4984375 0.41875 0.2140625 0.0609375
0 0.4953125 0.47265625 0.2078125 0.0546875
0 0.49140625 0.52421875 0.2 0.0484375
0 0.4875 0.5796875 0.203125 0.059375
0 0.49609375 0.6359375 0.19375 0.0515625
0 0.5 0.68984375 0.1953125 0.0578125
0 0.4984375 0.74375 0.1921875 0.0625
0 0.50078125 0.8 0.19375 0.071875
0 0.50390625 0.859375 0.1828125 0.053125
0 0.5046875 0.91328125 0.1953125 0.059375
0 0.50390625 0.96015625 0.2203125 0.05625
0 0.6890625 0.0265625 0.2078125 0.0515625
0 0.69609375 0.08203125 0.203125 0.046875
0 0.69921875 0.13515625 0.2046875 0.046875
0 0.70234375 0.1921875 0.190625 0.05625
0 0.70078125 0.24765625 0.184375 0.065625
0 0.703125 0.30625 0.196875 0.0453125
0 0.696875 0.3578125 0.1890625 0.059375
0 0.696875 0.4140625 0.1890625 0.0546875
0 0.69375 0.4671875 0.1875 0.0546875
0 0.70078125 0.5234375 0.184375 0.0609375
0 0.6984375 0.58203125 0.203125 0.053125
0 0.69765625 0.63515625 0.2 0.05
0 0.6984375 0.6875 0.203125 0.05625
0 0.69921875 0.7390625 0.2046875 0.0640625
0 0.70546875 0.8 0.2015625 0.0515625
0 0.70625 0.85859375 0.2078125 0.05
0 0.69765625 0.90859375 0.1953125 0.0546875
0 0.70234375 0.96015625 0.1953125 0.059375
0 0.8984375 0.02578125 0.203125 0.0515625
0 0.9 0.07890625 0.1953125 0.0609375
0 0.89453125 0.13828125 0.2109375 0.0546875
0 0.9015625 0.19140625 0.196875 0.05625
0 0.8984375 0.24453125 0.203125 0.0578125
0 0.8984375 0.3015625 0.203125 0.059375
0 0.9015625 0.35078125 0.196875 0.053125
0 0.90546875 0.41484375 0.1890625 0.0515625
0 0.89765625 0.4703125 0.2046875 0.0640625
0 0.8984375 0.521875 0.203125 0.059375
0 0.89609375 0.5796875 0.203125 0.05625
0 0.90234375 0.63359375 0.1953125 0.0546875
0 0.8984375 0.68828125 0.203125 0.0578125
0 0.90390625 0.74375 0.1921875 0.0484375
0 0.90234375 0.79921875 0.1953125 0.0640625
0 0.90625 0.85234375 0.1875 0.0484375
0 0.9 0.903125 0.2 0.0734375
0 0.89765625 0.9671875 0.2046875 0.0546875