0 0.02265625 0.1140625 0.0453125 0.228125
0 0.09375 0.103125 0.1 0.20625
0 0.1625 0.1578125 0.06875 0.225
0 0.24296875 0.16328125 0.090625 0.2171875
0 0.33984375 0.1671875 0.0875 0.1921875
0 0.41796875 0.16328125 0.075 0.2328125
0 0.50625 0.159375 0.0953125 0.2171875
0 0.5734375 0.16484375 0.0640625 0.18125
0 0.64921875 0.15078125 0.0703125 0.196875
0 0.74140625 0.16796875 0.1125 0.234375
0 0.84375 0.16640625 0.0796875 0.24375
0 0.92734375 0.17890625 0.0625 0.21875
0 0.21875 0.0234375 0.0796875 0.046875
0 0.29453125 0.0265625 0.0671875 0.053125
0 0.059375 0.33515625 0.1125 0.2609375
0 0.2609375 0.3703125 0.103125 0.2015625
0 0.3421875 0.396875 0.078125 0.1640625
0 0.41796875 0.3921875 0.075 0.1578125
0 0.48203125 0.37734375 0.084375 0.2140625
0 0.55390625 0.37734375 0.059375 0.2078125
0 0.62734375 0.3890625 0.0875 0.2203125
0 0.75078125 0.40390625 0.0703125 0.2265625
0 0.82890625 0.4015625 0.06875 0.234375
0 0.921875 0.415625 0.0765625 0.2265625
0 0.04140625 0.5828125 0.08125 0.23125
0 0.125 0.59375 0.0796875 0.2453125
0 0.19765625 0.58671875 0.08125 0.2546875
0 0.26953125 0.59375 0.08125 0.2390625
0 0.334375 0.5953125 0.0625 0.234375
0 0.40078125 0.59609375 0.1046875 0.24375
0 0.478125 0.590625 0.071875 0.2359375
0 0.55234375 0.59765625 0.0984375 0.228125
0 0.6109375 0.60625 0.06875 0.2109375
0 0.6703125 0.6109375 0.06875 0.184375
0 0.7375 0.62578125 0.1046875 0.13125
0 0.834375 0.63046875 0.090625 0.140625
0 0.903125 0.6390625 0.059375 0.1453125
0 0.0984375 0.73203125 0.196875 0.046875
0 0.2265625 0.82578125 0.0484375 0.1890625
0 0.03046875 0.87421875 0.0609375 0.2390625
0 0.10234375 0.8796875 0.0671875 0.240625
0 0.16796875 0.8796875 0.0515625 0.240625
0 0.2984375 0.96875 0.178125 0.0625
0 0.28046875 0.82421875 0.0625 0.2375
0 0.34375 0.82734375 0.0515625 0.221875
0 0.4046875 0.81328125 0.0734375 0.19375
0 0.46953125 0.82265625 0.0703125 0.23125
0 0.5390625 0.83203125 0.0703125 0.2453125
0 0.6078125 0.790625 0.0828125 0.159375
0 0.6140625 0.93359375 0.0703125 0.1328125
0 0.690625 0.77578125 0.0546875 0.14375
0 0.67734375 0.925 0.0546875 0.15
0 0.76484375 0.78125 0.078125 0.175
0 0.84375 0.78515625 0.084375 0.1453125
0 0.92890625 0.8890625 0.090625 0.221875
0 0.8453125 0.934375 0.0875 0.13125
0 0.7546875 0.934375 0.0953125 0.13125