0 0.103125 0.09765625 0.140625 0.0984375
0 0.29921875 0.096875 0.215625 0.0875
0 0.59765625 0.09765625 0.3015625 0.103125
0 0.87578125 0.09921875 0.1890625 0.1015625
0 0.89921875 0.22578125 0.1328125 0.1078125
0 0.75234375 0.22421875 0.121875 0.09375
0 0.5953125 0.22265625 0.1578125 0.1015625
0 0.33984375 0.2265625 0.30625 0.103125
0 0.09921875 0.21875 0.1453125 0.0984375
0 0.11484375 0.34140625 0.1734375 0.0859375
0 0.32890625 0.34453125 0.2234375 0.0953125
0 0.5671875 0.34375 0.1953125 0.0875
0 0.8296875 0.346875 0.2875 0.0875
0 0.8390625 0.46328125 0.259375 0.0796875
0 0.55859375 0.46328125 0.278125 0.096875
0 0.29765625 0.46484375 0.2125 0.090625
0 0.0984375 0.4609375 0.1359375 0.0984375
0 0.096875 0.5828125 0.1359375 0.1
0 0.26328125 0.58359375 0.1328125 0.1015625
0 0.43359375 0.5828125 0.134375 0.10625
0 0.58046875 0.58359375 0.090625 0.1015625
0 0.7359375 0.578125 0.121875 0.1
0 0.8953125 0.584375 0.1453125 0.103125
0 0.83671875 0.69765625 0.2609375 0.0765625
0 0.55859375 0.69375 0.2453125 0.08125
0 0.33515625 0.6953125 0.175 0.09375
0 0.12734375 0.69296875 0.196875 0.0953125
0 0.31875 0.85703125 0.334375 0.153125
0 0.68125 0.86328125 0.3296875 0.1609375