0 0.1 0.12734375 0.103125 0.1953125
0 0.2234375 0.10078125 0.0984375 0.146875
0 0.22578125 0.24921875 0.0921875 0.125
0 0.34296875 0.17421875 0.084375 0.2921875
0 0.46328125 0.1609375 0.075 0.2703125
0 0.58359375 0.10078125 0.103125 0.140625
0 0.69921875 0.16328125 0.084375 0.271875
0 0.8671875 0.31328125 0.1640625 0.3328125
0 0.584375 0.26484375 0.0953125 0.121875
0 0.69765625 0.43984375 0.0828125 0.2515625
0 0.584375 0.4203125 0.1046875 0.1015625
0 0.46328125 0.4390625 0.0796875 0.28125
0 0.34296875 0.4328125 0.0875 0.1984375
0 0.22421875 0.40390625 0.1 0.159375
0 0.10078125 0.40625 0.1046875 0.3078125
0 0.2234375 0.66171875 0.0984375 0.3171875
0 0.1046875 0.69921875 0.103125 0.21875
0 0.3421875 0.66796875 0.0828125 0.2328125
0 0.465625 0.7046875 0.1 0.2140625
0 0.58203125 0.565625 0.0953125 0.1390625
0 0.7015625 0.665625 0.0890625 0.171875
0 0.86328125 0.68046875 0.15 0.340625
0 0.58671875 0.73671875 0.0921875 0.1390625
0 0.69609375 0.87109375 0.096875 0.203125
0 0.58515625 0.90390625 0.1 0.134375
0 0.46484375 0.89921875 0.1015625 0.1359375
0 0.346875 0.884375 0.0796875 0.175
0 0.22421875 0.90078125 0.1 0.1390625
0 0.103125 0.8984375 0.103125 0.146875