0 0.52109375 0.065625 0.1296875 0.13125
0 0.6875 0.06640625 0.134375 0.1328125
0 0.86015625 0.06015625 0.146875 0.1203125
0 0.85625 0.25546875 0.140625 0.165625
0 0.68984375 0.2609375 0.1375 0.1703125
0 0.52109375 0.26328125 0.134375 0.1703125
0 0.365625 0.26640625 0.121875 0.165625
0 0.22578125 0.271875 0.109375 0.1609375
0 0.3734375 0.48984375 0.0859375 0.128125
0 0.5203125 0.484375 0.1296875 0.15
0 0.67890625 0.48828125 0.15 0.1640625
0 0.84453125 0.4859375 0.14375 0.171875
0 0.85625 0.7125 0.1453125 0.1796875
0 0.6828125 0.703125 0.1359375 0.165625
0 0.2203125 0.671875 0.1078125 0.1640625
0 0.2203125 0.8734375 0.1109375 0.1609375
0 0.6796875 0.91796875 0.13125 0.1640625
0 0.85234375 0.9234375 0.1421875 0.153125
0 0.96796875 0.36015625 0.0640625 0.1859375
0 0.96640625 0.54375 0.0671875 0.1765625
0 0.96796875 0.7265625 0.0640625 0.175
0 0.96953125 0.90390625 0.0609375 0.1703125