0 0.6203125 0.07421875 0.2390625 0.09375
0 0.6296875 0.27734375 0.2453125 0.1140625
0 0.609375 0.15859375 0.2015625 0.084375
0 0.61953125 0.425 0.1640625 0.1484375
0 0.63046875 0.57578125 0.25 0.1078125
0 0.61328125 0.73359375 0.1859375 0.15625
0 0.63359375 0.89296875 0.253125 0.128125
0 0.834375 0.4984375 0.153125 0.1375
0 0.9578125 0.48984375 0.084375 0.103125
0 0.9 0.6125 0.2 0.09375
0 0.90078125 0.7015625 0.1984375 0.06875
0 0.90703125 0.78671875 0.16875 0.0828125
0 0.90390625 0.878125 0.171875 0.0859375
0 0.90078125 0.96484375 0.1984375 0.0640625
0 0.90078125 0.36171875 0.1984375 0.0796875
0 0.8984375 0.25703125 0.203125 0.10625
0 0.903125 0.14921875 0.19375 0.0796875
0 0.903125 0.034375 0.19375 0.06875