0 0.60234375 0.06171875 0.1078125 0.1078125
0 0.609375 0.1953125 0.103125 0.1140625
0 0.60859375 0.31171875 0.10625 0.1125
0 0.60859375 0.4328125 0.103125 0.1125
0 0.6125 0.5515625 0.1078125 0.115625
0 0.61171875 0.66484375 0.103125 0.109375
0 0.6140625 0.778125 0.1125 0.1125
0 0.615625 0.89140625 0.10625 0.1234375
0 0.61875 0.96171875 0.1109375 0.0765625
0 0.7921875 0.9234375 0.2328125 0.1421875
0 0.7890625 0.8078125 0.234375 0.140625
0 0.78828125 0.68671875 0.2421875 0.1140625
0 0.79140625 0.56484375 0.2421875 0.1140625
0 0.79140625 0.440625 0.253125 0.10625
0 0.7890625 0.31640625 0.246875 0.09375
0 0.79140625 0.17265625 0.2484375 0.1140625
0 0.79765625 0.046875 0.2640625 0.0921875