0 0.0296875 0.1 0.0421875 0.1984375
0 0.08203125 0.10234375 0.0578125 0.2046875
0 0.13359375 0.1 0.053125 0.2
0 0.190625 0.0984375 0.05625 0.196875
0 0.24765625 0.10234375 0.0609375 0.2046875
0 0.303125 0.09921875 0.0578125 0.1984375
0 0.35703125 0.1 0.0515625 0.2
0 0.4140625 0.1015625 0.053125 0.203125
0 0.4671875 0.1015625 0.0578125 0.203125
0 0.528125 0.0984375 0.0609375 0.196875
0 0.57890625 0.1 0.0484375 0.2
0 0.6359375 0.10234375 0.059375 0.2046875
0 0.69296875 0.1015625 0.05 0.203125
0 0.746875 0.1 0.0578125 0.2
0 0.803125 0.10078125 0.0546875 0.2015625
0 0.85859375 0.0984375 0.05625 0.196875
0 0.91484375 0.1046875 0.059375 0.209375
0 0.97109375 0.10078125 0.0578125 0.2015625
0 0.0265625 0.3015625 0.053125 0.1953125
0 0.0828125 0.29921875 0.0578125 0.203125
0 0.1375 0.3015625 0.05 0.2046875
0 0.19140625 0.29609375 0.0578125 0.2046875
0 0.2484375 0.29609375 0.05625 0.2046875
0 0.30390625 0.296875 0.05 0.2015625
0 0.36015625 0.30390625 0.0546875 0.2046875
0 0.41484375 0.30390625 0.0484375 0.196875
0 0.46875 0.3078125 0.053125 0.1921875
0 0.52578125 0.296875 0.059375 0.20625
0 0.58359375 0.3 0.0515625 0.1890625
0 0.63359375 0.30390625 0.046875 0.2046875
0 0.69140625 0.30078125 0.0578125 0.190625
0 0.746875 0.30390625 0.05 0.209375
0 0.80078125 0.3015625 0.0515625 0.2078125
0 0.8578125 0.30390625 0.0578125 0.209375
0 0.909375 0.30234375 0.053125 0.2015625
0 0.9703125 0.30625 0.059375 0.20625
0 0.96953125 0.5015625 0.0609375 0.175
0 0.9140625 0.50234375 0.059375 0.184375
0 0.85625 0.49453125 0.05625 0.1796875
0 0.8046875 0.4953125 0.059375 0.178125
0 0.74453125 0.50078125 0.0546875 0.1953125
0 0.68984375 0.50234375 0.0578125 0.1953125
0 0.63828125 0.49609375 0.0515625 0.1984375
0 0.58203125 0.49375 0.053125 0.2015625
0 0.52578125 0.50390625 0.059375 0.1984375
0 0.46875 0.5015625 0.0515625 0.190625
0 0.4125 0.4984375 0.0578125 0.2
0 0.35703125 0.4984375 0.059375 0.1953125
0 0.30546875 0.5 0.053125 0.2015625
0 0.24921875 0.4953125 0.059375 0.2078125
0 0.1921875 0.49765625 0.0609375 0.20625
0 0.1359375 0.5046875 0.0578125 0.1953125
0 0.08125 0.4984375 0.05 0.184375
0 0.028125 0.49765625 0.05625 0.2015625
0 0.02890625 0.6984375 0.0578125 0.2078125
0 0.08671875 0.696875 0.0484375 0.2046875
0 0.13828125 0.6953125 0.05625 0.2171875
0 0.1921875 0.6953125 0.0578125 0.1953125
0 0.246875 0.70078125 0.0578125 0.19375
0 0.30625 0.7015625 0.0515625 0.1984375
0 0.3578125 0.69921875 0.05 0.1984375
0 0.41640625 0.6984375 0.0609375 0.196875
0 0.47265625 0.696875 0.0546875 0.2015625
0 0.528125 0.70078125 0.0578125 0.190625
0 0.58046875 0.69921875 0.0515625 0.1875
0 0.6359375 0.69609375 0.0578125 0.1765625
0 0.69609375 0.696875 0.0578125 0.1890625
0 0.7484375 0.7 0.0515625 0.1921875
0 0.80234375 0.6984375 0.0578125 0.2046875
0 0.86015625 0.7015625 0.0484375 0.2078125
0 0.91328125 0.69921875 0.065625 0.2140625
0 0.971875 0.70078125 0.05625 0.209375
0 0.0296875 0.90234375 0.0546875 0.1953125
0 0.0828125 0.8984375 0.0515625 0.203125
0 0.13671875 0.89765625 0.0546875 0.2046875
0 0.1921875 0.89453125 0.0609375 0.2109375
0 0.246875 0.9 0.0515625 0.2
0 0.3046875 0.89609375 0.059375 0.2078125
0 0.36015625 0.8953125 0.0578125 0.209375
0 0.41171875 0.89453125 0.0515625 0.2109375
0 0.471875 0.8921875 0.0625 0.215625
0 0.52734375 0.8984375 0.0515625 0.203125
0 0.57890625 0.89609375 0.0515625 0.2078125
0 0.63984375 0.8953125 0.0609375 0.2046875
0 0.69453125 0.8984375 0.0546875 0.203125
0 0.74609375 0.8984375 0.059375 0.203125
0 0.80234375 0.9 0.053125 0.2
0 0.8640625 0.90234375 0.0640625 0.1953125
0 0.9140625 0.90234375 0.0546875 0.1953125
0 0.9703125 0.9015625 0.059375 0.196875