0 0.953125 0.671875 0.09375 0.165625
0 0.940625 0.80078125 0.11875 0.1609375
0 0.94140625 0.9203125 0.1171875 0.159375
0 0.0625 0.11953125 0.125 0.2390625
0 0.21328125 0.14140625 0.1671875 0.2828125
0 0.05078125 0.375 0.1015625 0.2625
0 0.19765625 0.40859375 0.1765625 0.296875
0 0.16484375 0.665625 0.1921875 0.265625
0 0.14375 0.9 0.1875 0.2
0 0.37734375 0.18203125 0.175 0.271875
0 0.35703125 0.42265625 0.1640625 0.284375
0 0.340625 0.68984375 0.1703125 0.253125
0 0.32109375 0.915625 0.1765625 0.16875
0 0.490625 0.9265625 0.15625 0.146875
0 0.6421875 0.93515625 0.140625 0.1296875
0 0.79140625 0.94296875 0.134375 0.1140625
0 0.80625 0.7671875 0.146875 0.2109375
0 0.6609375 0.73828125 0.1515625 0.21875
0 0.50390625 0.7140625 0.1734375 0.2421875
0 0.52578125 0.48671875 0.1625 0.259375
0 0.67890625 0.509375 0.153125 0.2625
0 0.821875 0.55625 0.1453125 0.2515625
0 0.54375 0.2328125 0.1609375 0.2609375
0 0.69609375 0.28203125 0.1390625 0.2390625
0 0.83984375 0.315625 0.140625 0.2328125
0 0.85546875 0.1109375 0.14375 0.2140625
0 0.71328125 0.08125 0.153125 0.1625
0 0.55390625 0.06015625 0.159375 0.1203125