0 0.17578125 0.36328125 0.1109375 0.0734375
0 0.17578125 0.47109375 0.1125 0.0890625
0 0.178125 0.578125 0.115625 0.0890625
0 0.175 0.69375 0.1140625 0.0828125
0 0.17890625 0.80703125 0.1171875 0.09375
0 0.4203125 0.35234375 0.1109375 0.0890625
0 0.4203125 0.4765625 0.109375 0.084375
0 0.42109375 0.5734375 0.1125 0.0859375
0 0.41953125 0.690625 0.1078125 0.0828125
0 0.42265625 0.80078125 0.1046875 0.08125
0 0.6625 0.35703125 0.11875 0.0921875
0 0.66328125 0.46484375 0.1171875 0.078125
0 0.665625 0.58203125 0.1109375 0.08125
0 0.66796875 0.69140625 0.1078125 0.09375
0 0.66640625 0.8 0.1140625 0.1015625
0 0.91171875 0.35703125 0.1125 0.0921875
0 0.90859375 0.46484375 0.1140625 0.084375
0 0.909375 0.57890625 0.1125 0.075
0 0.90859375 0.6984375 0.1140625 0.084375
0 0.90859375 0.80390625 0.1125 0.08125