0 0.85234375 0.2453125 0.2953125 0.465625
0 0.5421875 0.2640625 0.3546875 0.315625
0 0.25703125 0.28046875 0.26875 0.253125
0 0.109375 0.28671875 0.21875 0.2421875
0 0.10546875 0.5828125 0.2109375 0.1453125
0 0.390625 0.58984375 0.34375 0.16875
0 0.64921875 0.56796875 0.175 0.1359375
0 0.86328125 0.5484375 0.2734375 0.115625
0 0.86015625 0.690625 0.2796875 0.19375
0 0.74609375 0.80703125 0.340625 0.3859375
0 0.9265625 0.89609375 0.146875 0.2078125
0 0.57890625 0.828125 0.275 0.34375
0 0.30859375 0.8265625 0.3265625 0.346875
0 0.09296875 0.8265625 0.1859375 0.346875