0 0.16875 0.05 0.2953125 0.1
0 0.171875 0.20625 0.2953125 0.159375
0 0.1703125 0.390625 0.2921875 0.1703125
0 0.17265625 0.575 0.29375 0.15625
0 0.1734375 0.76640625 0.3015625 0.165625
0 0.175 0.93359375 0.2875 0.1328125
0 0.50234375 0.04921875 0.2859375 0.0984375
0 0.5015625 0.20703125 0.2875 0.165625
0 0.503125 0.3890625 0.296875 0.1640625
0 0.509375 0.575 0.2890625 0.153125
0 0.5078125 0.759375 0.278125 0.1640625
0 0.509375 0.934375 0.278125 0.13125
0 0.83359375 0.05234375 0.2859375 0.1046875
0 0.83515625 0.20703125 0.2921875 0.1609375
0 0.83828125 0.39375 0.2828125 0.1609375
0 0.83984375 0.57578125 0.2859375 0.1515625
0 0.83671875 0.75859375 0.2765625 0.146875
0 0.83984375 0.93359375 0.2859375 0.1328125