0 0.9140625 0.03359375 0.171875 0.0671875
0 0.73828125 0.0328125 0.1734375 0.065625
0 0.54921875 0.03046875 0.1921875 0.0609375
0 0.36015625 0.03125 0.1609375 0.0625
0 0.05625 0.13984375 0.1125 0.140625
0 0.25390625 0.1421875 0.1625 0.1453125
0 0.4828125 0.15625 0.1765625 0.140625
0 0.71484375 0.146875 0.1765625 0.1390625
0 0.92890625 0.1484375 0.1421875 0.1390625
0 0.91796875 0.315625 0.1640625 0.1390625
0 0.7015625 0.31875 0.1765625 0.1375
0 0.48984375 0.3171875 0.153125 0.1484375
0 0.26328125 0.31328125 0.175 0.134375
0 0.06484375 0.31328125 0.1296875 0.1375
0 0.06796875 0.478125 0.134375 0.128125
0 0.26640625 0.48203125 0.1625 0.128125
0 0.4796875 0.4828125 0.1578125 0.1328125
0 0.27421875 0.6359375 0.1578125 0.121875
0 0.2734375 0.77421875 0.1453125 0.109375
0 0.6734375 0.77890625 0.1578125 0.10625
0 0.87578125 0.77578125 0.153125 0.109375